483
19
1000
300
300
180
300
180
128
180
180
128
100
128
180
128
100
81
100
128
128
100
81
69
81
100
128
100
81
69
60
69
81
100
100
81
69
60
52
60
69
81
100
81
69
60
52
47
52
60
69
81
81
69
60
52
47
42
47
52
60
69
81
69
60
52
47
42
39
42
47
52
60
69
69
60
52
47
42
39
36
39
42
47
52
60
69
60
52
47
42
39
36
33
36
39
42
47
52
60
60
52
47
42
39
36
33
31
33
36
39
42
47
52
60
52
47
42
39
36
33
31
29
31
33
36
39
42
47
52
52
47
42
39
36
33
31
29
27
29
31
33
36
39
42
47
52
47
42
39
36
33
31
29
27
25
27
29
31
33
36
39
42
47
47
42
39
36
33
31
29
27
25
24
25
27
29
31
33
36
39
42
47
42
39
36
33
31
29
27
25
24
23
24
25
27
29
31
33
36
39
42
42
39
36
33
31
29
27
25
24
23
21
23
24
25
27
29
31
33
36
39
42
39
36
33
31
29
27
25
24
23
21
20
21
23
24
25
27
29
31
33
36
39
39
36
33
31
29
27
25
24
23
21
20
20
21
23
24
25
27
29
31
33
36
39
36
33
31
29
27
25
24
23
21
20
20
21
23
24
25
27
29
31
33
36
36
33
31
29
27
25
24
23
21
20
20
21
23
24
25
27
29
31
33
36
33
31
29
27
25
24
23
21
20
20
21
23
24
25
27
29
31
33
33
31
29
27
25
24
23
21
20
20
21
23
24
25
27
29
31
33
31
29
27
25
24
23
21
20
20
21
23
24
25
27
29
31
31
29
27
25
24
23
21
20
20
21
23
24
25
27
29
31
29
27
25
24
23
21
20
20
21
23
24
25
27
29
29
27
25
24
23
21
20
20
21
23
24
25
27
29
27
25
24
23
21
20
20
21
23
24
25
27
27
25
24
23
21
20
20
21
23
24
25
27
25
24
23
21
20
20
21
23
24
25
25
24
23
21
20
20
21
23
24
25
24
23
21
20
20
21
23
24
24
23
21
20
20
21
23
24
23
21
20
20
21
23
23
21
20
20
21
23
21
20
20
21
21
20
20
21
20
20
20
20
