240
-1
550
10
30
30
10
10
30
30
10
10
30
30
10
10
30
30
10
10
30
30
10
10
30
30
10
10
30
30
10
10
30
30
10
10
30
30
10
10
30
30
10
10
30
30
10
10
30
30
10
10
30
30
10
10
30
30
10
10
30
30
10
10
30
30
10
10
30
30
10
10
30
30
10
10
30
30
10
10
30
30
10
10
30
30
10
10
30
30
10
10
30
30
10
10
30
30
10
10
30
30
10
10
30
30
10
10
30
30
10
10
30
30
10
10
30
30
10
10
30
30
10
10
30
30
10
10
30
30
10
10
30
30
10
10
30
30
10
10
30
30
10
10
30
30
10
10
30
30
10
10
30
30
10
10
30
30
10
10
30
30
10
10
30
30
10
10
30
30
10
10
30
30
10
10
30
30
10
10
30
30
10
10
30
30
10
10
30
30
10
10
30
30
10
10
30
30
10
10
30
30
10
10
30
30
10
10
30
30
10
10
30
30
10
10
30
30
10
10
30
30
10
10
30
30
10
10
30
30
10
10
30
30
10
10
30
30
10
10
30
30
10
