200
5
900
10
30
30
10
10
30
30
10
10
30
30
10
10
30
30
10
10
30
30
10
10
30
30
10
10
30
30
10
10
30
30
10
10
30
30
10
10
30
30
10
10
30
30
10
10
30
30
10
10
30
30
10
10
30
30
10
10
30
30
10
10
30
30
10
10
30
30
10
10
30
30
10
10
30
30
10
10
30
30
10
10
30
30
10
10
30
30
10
10
30
30
10
10
30
30
10
10
30
30
10
10
30
30
10
10
30
30
10
10
30
30
10
10
30
30
10
10
30
30
10
10
30
30
10
10
30
30
10
10
30
30
10
10
30
30
10
10
30
30
10
10
30
30
10
10
30
30
10
10
30
30
10
10
30
30
10
10
30
30
10
10
30
30
10
10
30
30
10
10
30
30
10
10
30
30
10
10
30
30
10
10
30
30
10
10
30
30
10
10
30
30
10
10
30
30
10
10
30
30
10
