509
23
145
3
7
6
7
4
7
4
3
16
8
3
6
5
6
5
13
6
5
4
5
7
6
4
9
7
4
10
8
5
11
7
8
9
4
3
6
4
7
12
4
9
4
7
3
6
4
6
9
8
4
7
5
10
7
8
3
9
6
9
6
7
10
5
9
9
9
6
5
5
6
6
7
6
4
7
5
6
8
10
4
4
8
5
4
7
12
7
5
2
13
8
1
8
5
6
15
8
8
3
6
6
4
6
6
6
4
5
6
9
16
5
10
13
12
3
6
4
7
5
5
6
14
5
5
7
6
7
4
7
6
5
4
4
6
11
6
5
6
2
4
5
5
7
6
4
10
5
5
5
3
10
5
7
6
6
5
7
7
8
12
5
6
5
7
6
3
6
3
13
6
4
3
11
3
5
8
4
4
9
5
4
10
9
2
12
3
5
9
7
4
11
7
7
3
6
7
6
5
5
8
6
8
6
6
5
3
4
4
10
1
5
8
8
4
4
7
3
5
4
11
8
11
6
6
7
23
8
8
7
8
3
6
4
10
5
6
6
3
6
6
7
5
5
9
5
5
5
8
4
3
5
6
6
5
3
5
5
8
6
4
4
5
5
9
5
4
5
3
7
12
7
8
4
2
5
7
5
5
12
6
5
4
5
8
9
10
4
5
5
8
6
4
5
4
6
4
5
3
5
9
4
8
5
3
4
6
6
8
6
7
5
2
4
10
9
8
4
4
5
6
3
8
6
10
6
4
8
5
3
6
5
6
5
5
5
5
5
7
9
5
6
7
6
8
6
7
5
7
7
2
6
6
4
6
4
5
8
6
7
6
5
13
10
7
11
3
8
10
6
8
4
8
9
4
7
11
5
14
5
7
9
11
4
6
8
3
3
7
11
4
4
7
6
4
3
5
13
4
12
7
11
4
10
10
4
3
5
9
11
6
6
9
11
11
6
9
8
4
4
16
8
9
10
7
7
5
5
4
8
7
8
4
8
6
7
7
7
5
4
5
5
6
4
5
5
5
7
5
8
5
5
4
6
12
4
6
7
4
10
4
6
5
4
4
6
6
6
7
3
7
6
7
4
6
5
8
5
7
5
11
7
11
6
8
4
7
7
7
8
8
7
5
7
10
6
7
6
6
5
5
8
6
6
2
2
6
7
3
6
