241
-1
125
7
7
4
5
4
4
9
5
4
4
12
4
9
4
10
7
7
5
7
9
6
5
10
6
3
4
4
6
4
4
8
5
9
3
5
8
12
5
12
8
7
9
5
3
4
4
5
3
4
5
4
8
6
4
7
7
5
4
5
5
5
7
4
7
5
4
4
12
9
6
7
4
6
5
4
6
7
5
5
4
4
6
6
3
7
6
7
5
5
6
7
5
4
4
4
5
6
4
8
4
5
6
8
10
12
4
3
6
4
4
3
5
4
4
5
6
4
6
7
6
8
5
4
4
4
7
8
6
5
6
13
15
7
9
4
4
7
4
5
5
8
5
7
5
4
4
4
3
7
5
6
7
7
11
6
4
8
7
4
9
14
6
3
3
10
5
5
6
6
8
5
6
6
5
11
4
10
8
10
5
17
5
6
3
5
11
5
5
9
6
9
7
5
7
4
6
12
8
6
7
7
6
6
4
11
3
5
4
5
5
4
2
8
9
4
6
7
4
4
5
5
5
5
5
3
7
8
4
6
6
12
8
7
7
14
10
5
6
5
4
8
