404
18
160
7
3
5
3
5
5
13
7
4
6
5
7
9
3
9
13
6
7
5
6
9
17
5
3
5
21
9
8
9
9
4
5
6
13
9
9
5
13
7
6
5
10
9
3
7
7
9
9
13
4
4
5
10
5
10
4
9
5
7
4
12
4
6
4
9
6
12
6
9
6
10
7
3
4
3
4
7
10
7
13
10
5
5
11
5
5
3
4
5
10
4
24
5
6
6
4
7
8
5
9
6
6
4
5
12
7
5
6
7
5
9
6
4
6
10
5
10
7
7
7
4
10
5
5
7
7
5
6
4
4
5
3
8
7
7
8
4
8
8
10
9
6
9
9
3
9
11
10
4
8
3
5
7
6
8
5
2
9
15
7
8
4
8
6
3
10
4
8
10
13
11
6
7
5
9
6
6
9
6
8
4
13
9
6
5
6
3
3
6
5
6
8
11
8
3
6
7
12
7
6
5
15
15
7
11
10
3
8
4
5
4
6
2
7
3
11
4
11
11
5
10
10
4
4
25
2
4
6
5
13
9
4
6
8
5
19
7
6
3
8
6
2
6
7
4
5
7
11
7
3
8
5
6
5
8
8
2
11
13
19
5
2
4
5
9
15
12
11
8
5
8
4
9
4
7
7
5
11
3
9
8
7
8
5
3
6
9
4
9
3
7
5
5
8
4
5
7
5
8
6
4
5
4
6
9
6
12
5
3
5
8
7
4
5
8
6
14
5
8
2
7
7
4
5
6
6
8
10
5
9
7
6
4
9
3
4
3
5
4
3
12
4
2
7
9
12
6
6
11
12
4
8
11
4
3
4
3
11
6
7
8
8
8
4
7
7
7
7
7
8
4
5
11
3
9
11
3
7
15
6
5
4
7
3
4
7
6
3
6
11
4
7
9
5
10
4
2
5
6
11
4
5
8
4
