322
21
100
7
7
10
10
4
3
5
3
7
8
6
4
6
7
5
12
5
11
7
9
3
6
6
3
3
5
5
10
14
6
7
10
7
6
4
7
5
5
9
5
6
10
8
7
6
4
9
4
4
11
4
6
4
6
4
10
5
7
4
4
6
4
8
6
6
4
10
6
2
4
4
5
5
11
6
8
5
3
9
7
5
5
7
7
3
15
5
5
6
8
9
5
5
5
14
4
7
8
4
5
6
10
8
5
6
6
9
4
5
5
9
8
11
4
7
7
5
6
8
6
5
5
9
4
3
7
9
5
9
6
6
9
7
3
6
5
8
7
11
6
4
11
4
8
7
8
16
7
6
7
5
4
3
4
7
4
6
10
12
6
9
3
7
9
9
10
5
8
9
5
4
3
5
12
11
5
4
4
4
6
4
4
2
4
13
6
5
4
2
10
5
6
4
6
4
5
7
7
7
5
5
5
7
6
6
7
8
9
7
4
8
3
6
7
5
5
7
6
2
5
12
11
8
9
5
17
9
5
5
11
3
5
2
7
11
6
6
7
4
8
6
6
9
3
8
5
4
11
6
16
6
7
4
6
5
6
4
9
5
7
5
7
6
7
7
6
6
9
4
5
6
6
4
4
6
7
5
7
5
10
7
4
7
6
11
4
8
13
6
4
8
8
7
4
9
7
5
4
8
7
6
6
5
6
11
7
5
2
7
4
16
5
10
4
3
10
6
6
7
9
8
5
