150
14
1918
50
50
170
297
9
630
179
179
216
4
9
154
117
63
436
905
14
3
10
166
211
8
25
139
213
758
429
5
136
501
93
21
169
22
3
271
433
3
1079
233
11
10
78
63
4
59
8
34
234
30
40
123
7
33
369
11
23
208
4
8
36
504
16
574
19
235
445
6
43
210
268
410
124
11
1085
5
529
107
274
23
156
32
177
16
8
19
52
47
4
372
525
101
898
40
32
1017
103
109
76
1025
53
22
991
4
147
49
276
7
78
389
4
388
135
233
74
51
4
216
85
37
6
12
12
45
3
122
46
132
464
11
11
16
119
60
14
13
90
5
458
6
3
99
73
13
10
9
417
150
49
271
