385
46
65
3
7
7
15
1
23
5
3
3
2
6
1
1
1
2
1
4
8
42
1
1
3
1
1
2
3
4
5
1
1
3
14
13
6
2
2
2
1
24
5
2
2
4
1
1
1
1
6
7
10
2
1
6
1
7
3
3
31
8
2
1
1
1
3
4
3
1
3
3
45
2
1
1
2
4
1
2
4
1
2
1
2
1
2
2
3
4
2
19
1
10
3
6
28
3
2
2
2
12
21
5
7
1
14
7
5
4
20
2
1
2
1
1
1
4
1
1
42
2
4
5
3
2
1
4
4
33
5
1
4
1
7
6
4
1
4
8
17
12
4
1
2
1
3
5
1
3
1
2
1
3
1
7
1
3
1
1
1
2
1
1
1
1
1
4
2
3
1
1
1
1
2
2
2
2
1
1
4
3
4
2
9
6
5
6
2
6
1
1
3
1
1
1
43
1
1
3
1
1
1
2
10
1
21
1
2
1
1
1
1
1
2
2
2
1
11
1
1
2
1
7
17
5
6
1
7
35
24
3
2
7
9
13
8
7
6
3
13
12
5
4
3
3
2
4
2
7
3
13
6
2
7
1
4
1
3
14
2
38
9
4
5
14
23
2
5
18
21
28
3
2
18
17
4
36
4
6
8
3
14
3
1
9
3
2
3
5
15
3
2
1
2
5
12
2
11
12
19
30
3
10
38
14
4
3
3
20
42
10
42
26
4
53
56
8
25
60
47
1
2
8
49
8
3
5
37
7
23
34
4
40
37
32
21
21
11
3
1
1
9
3
2
1
3
2
4
29
8
1
11
18
23
19
11
3
12
9
54
23
51
10
8
3
2
1
1
1
1
5
1
1
8
1
14
8
1
1
14
1
4
2
8
10
2
40
