161
11
1174
60
88
74
56
95
95
83
94
93
79
61
83
68
86
96
75
67
74
92
71
92
74
82
88
95
69
100
91
83
78
63
88
84
59
77
89
74
74
85
71
72
61
99
65
88
75
82
100
96
89
97
52
57
54
64
78
67
80
85
83
54
68
80
76
100
68
84
71
65
86
53
57
83
62
95
84
63
59
98
100
57
66
79
66
87
53
99
72
87
58
78
68
60
66
86
61
91
64
90
69
73
55
59
94
58
82
96
51
52
65
61
65
85
56
83
76
89
100
56
60
89
57
72
59
59
99
51
80
89
100
91
96
57
59
74
69
81
73
96
83
63
68
96
86
62
62
54
98
70
69
57
81
53
78
64
72
59
92
96
73
78
