194
-1
181
79
84
100
23
32
90
8
50
29
96
26
17
92
41
16
95
41
69
30
83
11
84
38
29
88
33
77
76
74
16
31
33
76
16
28
67
22
61
72
27
96
2
88
88
6
22
7
20
69
72
58
87
32
25
4
61
1
61
84
75
16
75
100
87
30
6
8
79
31
2
53
75
76
94
16
87
58
13
92
89
93
15
90
5
35
43
64
35
17
9
59
98
10
2
89
5
17
19
43
50
86
27
6
34
46
39
12
7
76
30
24
42
89
64
29
27
49
54
73
90
12
42
3
36
84
13
52
28
17
21
37
72
16
52
83
45
86
2
80
36
89
89
56
19
36
86
78
45
3
72
82
67
65
26
20
80
67
24
42
95
6
78
92
34
50
93
38
48
73
48
23
66
24
6
41
61
12
44
40
49
23
15
45
7
55
26
14
19
87
49
11
48
64
54
