185
-1
974
74
74
80
85
99
81
85
100
74
57
60
74
60
77
72
87
89
53
72
62
53
54
98
65
72
81
84
64
52
60
95
55
79
97
51
93
50
93
95
90
95
71
89
77
81
74
53
79
58
61
97
93
95
80
72
92
88
90
85
83
83
59
75
80
55
66
99
89
53
64
85
52
60
63
94
66
56
71
97
98
57
94
60
70
56
56
52
64
81
81
100
73
62
75
68
80
68
89
98
92
97
80
56
83
84
93
50
62
74
51
52
90
50
58
89
66
78
69
90
77
64
63
54
54
79
91
75
51
81
73
74
72
68
72
60
77
81
67
85
85
75
98
73
50
100
64
58
50
97
100
87
76
52
94
76
99
73
88
97
88
58
76
56
51
57
74
100
80
64
94
75
54
97
92
60
75
71
67
96
93
53
80
94
56
60
