171
51
161
30
82
70
92
25
23
11
41
15
5
17
70
36
47
24
11
6
23
5
54
74
6
9
58
96
80
100
65
3
46
16
47
33
84
73
75
27
99
50
65
79
42
46
9
13
97
79
6
63
65
14
91
6
6
69
13
55
69
67
53
35
19
49
47
36
24
15
15
52
48
60
43
11
72
62
73
43
25
38
19
25
31
77
70
84
36
3
64
36
70
15
8
14
27
73
11
90
34
7
72
52
90
45
12
2
11
8
16
75
38
52
20
82
20
94
61
84
76
34
51
50
44
53
97
81
58
47
4
74
74
42
43
51
94
17
45
88
63
66
34
72
27
78
53
64
58
86
94
23
51
21
34
86
36
35
14
72
33
98
60
45
60
80
13
87
75
77
71
49
22
2
