269
35
585
77
91
67
69
68
64
65
83
64
77
87
99
84
74
89
76
68
87
69
97
87
59
82
75
55
95
63
87
72
53
66
95
58
76
66
53
67
56
71
67
52
85
99
62
51
53
63
71
78
71
77
85
82
94
67
54
66
64
94
75
72
66
95
59
68
94
84
94
62
73
66
97
71
62
60
86
99
51
90
72
84
78
81
50
55
56
80
63
52
71
75
71
59
78
89
89
93
74
73
85
68
71
78
90
60
95
75
65
92
79
95
99
75
91
80
91
71
55
97
71
53
99
60
70
99
97
75
54
73
51
84
72
97
60
82
67
57
62
93
97
94
91
56
71
92
92
78
100
93
99
95
99
57
78
100
69
53
80
80
76
99
58
68
51
64
97
55
100
52
99
66
74
68
97
100
59
72
63
74
72
85
93
100
66
53
93
95
61
89
86
80
74
56
78
78
66
85
89
74
57
84
88
97
93
80
53
51
85
55
89
72
53
60
97
89
94
81
76
98
94
68
71
52
69
87
93
64
64
71
94
66
60
92
61
86
100
93
70
88
66
81
51
73
91
86
68
89
52
79
60
60
60
55
95
73
80
79
86
79
89
88
70
56
80
64
51
85
88
70
