241
-1
28
6
2
2
1
8
3
1
4
7
10
4
6
9
7
2
6
2
2
5
4
6
4
10
1
1
1
3
1
4
6
1
7
9
7
3
10
10
6
4
1
3
10
10
7
9
10
8
4
10
7
7
7
5
1
3
8
10
7
3
6
3
9
7
10
6
5
8
8
5
2
5
8
1
7
10
9
7
9
7
5
2
5
4
6
10
3
6
3
6
4
3
3
7
6
6
9
6
5
10
7
10
3
1
2
1
8
6
5
10
9
7
6
7
4
9
1
7
2
9
2
10
1
6
4
3
10
4
1
10
5
3
9
8
3
1
10
4
5
2
4
1
4
6
3
7
3
6
5
1
3
9
4
2
6
5
10
7
6
10
2
8
6
7
5
6
8
1
7
10
4
10
10
7
7
1
2
1
2
7
9
7
10
4
3
3
10
2
3
2
8
2
9
10
5
8
8
9
1
10
10
9
7
2
3
3
3
1
1
10
10
5
5
10
7
1
8
1
1
1
4
5
9
7
9
7
3
7
7
2
5
5
7
2
10
3
5
5
5
3
6
3
