199
-1
402
83
52
73
70
86
51
74
84
52
93
91
89
64
75
64
61
2
86
95
100
73
61
83
60
85
48
66
70
91
54
55
64
56
62
89
100
96
67
21
15
55
58
84
85
91
55
79
79
82
91
89
22
31
85
22
72
59
95
99
98
54
96
69
97
67
80
65
86
90
72
69
80
72
62
78
24
88
70
71
76
93
64
80
91
75
81
79
71
51
65
68
39
69
55
100
98
87
55
79
68
99
52
99
85
77
51
55
54
70
88
9
91
65
67
93
70
73
98
64
68
100
66
8
98
15
71
92
72
76
76
93
97
79
99
58
84
82
86
77
75
59
24
69
95
83
53
56
57
67
62
62
91
60
71
68
84
64
71
82
59
72
95
63
94
92
98
14
85
52
85
96
62
76
72
94
52
51
54
96
96
82
10
54
82
58
28
37
90
91
95
89
88
100
87
66
88
74
70
80
