260
13
1081
64
73
98
36
76
13
74
43
80
59
95
33
68
35
64
59
22
10
60
36
20
49
67
69
83
99
25
94
34
96
8
49
89
99
21
70
71
45
32
11
48
35
21
90
99
41
55
59
1
36
94
97
44
55
13
35
71
78
57
96
41
35
13
70
17
41
18
6
81
55
80
34
76
58
33
10
64
66
12
87
21
61
54
7
48
47
26
26
9
35
77
57
97
51
10
39
25
66
92
36
35
59
71
53
42
92
36
85
93
27
88
83
62
52
43
55
59
41
59
83
72
37
88
67
30
60
53
98
92
40
46
51
61
72
59
9
23
4
33
3
13
39
36
88
100
75
63
34
6
53
64
47
41
49
95
17
69
79
94
85
97
27
83
41
87
11
95
41
99
58
26
57
52
18
9
43
15
93
18
32
18
97
96
58
93
37
100
97
41
22
87
42
16
94
7
96
41
90
34
91
47
21
19
37
40
79
60
88
84
75
12
42
21
91
6
57
7
66
7
99
75
4
85
10
29
6
20
7
50
26
29
99
45
57
14
33
2
38
43
64
85
84
46
53
45
48
48
85
60
2
17
12
99
43
40
29
13
29
26
66
