255
16
1225
83
68
78
76
79
76
78
61
78
79
86
53
66
81
87
88
66
84
86
89
84
84
88
83
66
53
88
74
81
61
76
83
92
76
54
99
64
67
62
87
72
80
72
74
72
62
92
77
87
62
81
60
51
84
77
96
79
58
94
91
79
74
66
73
91
73
76
95
89
54
72
95
83
100
68
75
99
99
95
86
58
100
63
82
81
61
98
80
92
76
76
89
94
100
83
96
52
98
77
67
98
50
67
61
78
75
58
58
88
53
52
93
51
84
65
55
68
80
56
61
75
94
68
71
70
50
84
79
96
89
89
67
86
70
54
64
79
96
74
77
88
93
73
72
87
55
71
82
56
53
61
67
99
52
53
88
54
93
77
100
91
87
96
96
100
77
91
79
56
50
99
81
93
78
64
51
84
51
62
64
94
97
70
73
84
90
63
92
92
88
69
83
58
80
80
55
83
85
86
83
79
80
65
72
99
75
85
58
64
63
72
52
73
74
91
55
50
95
82
83
76
52
69
56
68
56
74
98
83
59
98
51
69
71
55
51
100
98
92
67
98
78
84
99
92
99
81
92
69
57
91
65
54
99
84
