293
-1
285
94
7
83
31
9
78
50
18
10
11
68
37
57
83
38
94
12
63
84
19
68
32
98
47
97
25
98
30
30
10
20
64
56
73
32
51
51
45
72
81
26
46
16
39
9
52
60
39
39
97
40
79
2
86
69
28
73
46
1
31
99
91
19
41
99
23
52
81
89
48
11
21
36
24
56
93
32
30
81
15
98
61
32
57
8
48
45
19
43
6
9
40
66
1
55
32
24
47
72
36
77
28
44
4
42
38
15
13
81
58
77
88
91
44
88
68
40
57
4
86
11
96
51
75
84
81
7
3
37
38
20
31
67
26
49
96
49
78
21
15
8
75
28
23
23
39
36
28
51
53
25
94
81
8
54
49
8
71
52
19
38
85
25
84
12
82
4
62
57
34
4
15
66
24
11
86
96
36
4
52
94
78
85
8
55
31
48
79
89
13
68
46
33
78
14
8
66
36
88
67
72
98
90
29
9
44
5
43
12
24
20
56
23
73
62
95
36
57
59
80
82
47
33
49
23
10
15
20
82
30
78
77
96
59
8
72
90
76
87
59
77
96
13
55
90
77
35
21
28
76
16
68
39
13
27
94
12
69
57
36
13
5
53
59
33
8
86
59
61
62
36
99
91
41
11
65
48
32
81
50
34
78
47
59
13
52
26
46
3
47
67
70
13
