279
17
192
92
88
93
90
73
100
53
66
82
59
100
76
84
56
91
58
65
56
68
88
54
76
80
53
1
2
2
7
10
9
8
3
3
2
9
6
10
3
1
4
6
1
4
3
7
7
2
1
1
4
4
5
4
7
3
3
8
6
4
4
2
1
7
5
1
6
8
4
8
7
2
1
9
4
3
3
9
8
5
9
9
4
9
8
6
8
7
9
3
1
8
1
2
4
3
3
7
4
6
6
2
6
7
8
6
3
10
9
5
7
10
10
10
3
10
10
1
9
2
10
1
8
7
10
2
2
7
10
2
8
8
2
5
3
10
7
1
2
9
4
8
6
1
6
7
4
10
4
10
5
10
9
2
1
3
3
6
6
2
9
9
10
4
7
9
10
2
10
6
2
10
10
10
9
9
10
3
10
1
2
7
6
4
9
9
1
9
4
4
10
1
1
1
3
9
1
7
9
6
10
4
6
8
9
3
7
7
4
9
3
7
7
4
6
6
3
6
2
7
5
1
5
6
10
10
9
4
9
1
3
4
9
7
6
5
4
1
3
7
10
8
6
9
10
3
8
8
2
4
5
10
8
8
5
10
7
8
1
2
2
3
5
9
1
8
5
2
8
6
9
3
2
3
1
10
6
7
3
4
