288
60
267
73
71
59
29
19
79
27
13
77
21
99
24
71
38
59
56
41
87
28
81
18
49
28
35
86
40
89
75
25
56
43
57
88
37
88
76
37
67
3
64
53
72
55
22
56
51
30
15
1
46
78
18
62
100
43
87
4
71
87
36
77
61
5
96
82
22
33
30
32
88
5
47
47
28
65
77
13
57
52
36
24
78
17
12
50
70
45
41
11
51
54
14
70
76
57
59
100
7
10
23
25
65
70
2
25
91
86
48
24
94
7
19
97
79
15
23
43
11
44
92
77
26
83
80
86
97
12
71
24
49
52
37
4
41
99
97
20
32
51
13
3
64
24
21
83
51
77
79
96
36
4
84
83
60
93
57
98
81
18
42
14
22
1
42
32
85
60
76
94
100
46
76
6
79
71
82
43
67
62
55
57
83
92
90
70
53
85
42
78
37
42
85
64
34
87
84
100
60
52
89
66
27
64
92
36
79
37
49
99
89
39
60
83
54
62
70
83
72
55
14
48
46
48
11
60
36
19
100
96
98
4
87
83
100
44
9
31
79
53
80
93
37
74
25
71
60
94
60
85
67
84
96
77
88
84
75
27
6
15
11
81
62
63
42
55
66
82
75
87
79
70
39
85
64
89
12
71
77
54
74
60
79
45
70
24
60
37
97
