213
-1
944
83
84
34
17
88
59
56
33
21
37
15
97
23
76
94
99
30
44
45
8
37
43
15
18
73
65
89
5
13
64
60
20
12
59
25
2
60
61
6
17
65
26
96
21
63
29
24
51
48
65
58
40
34
81
21
51
31
20
34
47
61
2
93
75
85
27
57
86
61
98
76
68
30
72
28
12
24
42
95
3
92
32
59
33
68
30
15
40
45
33
26
70
89
29
88
69
67
94
23
97
7
23
6
65
84
79
3
99
22
69
49
33
28
49
37
18
56
44
40
64
80
9
57
3
11
95
86
79
23
60
12
62
15
89
35
85
92
49
12
10
72
64
27
18
22
17
84
21
13
77
35
100
2
50
17
75
44
56
27
85
20
31
15
10
100
51
6
7
19
87
46
74
91
79
67
38
39
40
91
71
54
80
42
28
76
59
97
12
2
64
52
63
24
8
23
69
77
60
59
10
31
94
94
18
93
68
12
69
45
22
48
95
95
