232
16
631
53
64
54
63
45
6
100
63
5
74
87
11
33
63
36
93
28
89
64
8
69
40
65
29
30
19
78
78
55
6
94
25
38
2
69
42
43
94
74
54
93
76
92
49
85
4
12
70
17
82
16
1
51
94
74
56
66
79
88
65
87
62
5
67
78
57
45
82
18
35
88
8
13
37
45
75
70
13
69
59
88
88
23
4
49
67
75
9
94
45
59
100
84
34
18
24
66
71
47
99
75
11
28
8
50
83
44
53
86
97
10
73
27
74
36
85
43
39
25
55
14
30
4
23
16
23
100
20
12
29
5
17
2
93
27
7
16
2
75
8
6
43
18
34
29
37
13
26
25
36
14
45
23
50
55
24
9
11
27
24
21
3
40
76
45
99
29
5
31
84
45
65
75
6
38
42
11
10
12
94
86
45
35
15
35
14
50
20
96
31
6
2
23
85
8
34
7
32
33
57
39
2
8
40
74
94
30
54
2
33
20
47
40
35
64
35
18
43
15
85
43
20
23
10
17
54
41
25
11
23
19
40
