203
19
836
61
96
52
58
81
76
51
98
65
84
63
79
89
70
93
84
100
70
52
86
69
50
59
79
53
66
65
70
74
86
77
83
50
76
62
73
54
100
99
59
73
74
97
63
83
97
81
61
91
78
87
56
81
91
62
53
82
77
94
99
92
76
83
89
61
53
94
84
55
54
61
86
53
60
55
82
86
60
71
98
67
93
63
64
96
85
64
95
71
69
94
79
68
50
97
83
72
99
88
72
84
88
54
83
83
62
80
68
99
57
75
51
54
85
71
92
64
80
78
61
98
61
52
92
55
55
83
73
56
80
82
71
93
93
92
58
88
50
58
54
73
82
59
80
81
74
99
70
89
69
68
61
88
75
60
72
54
86
55
66
94
69
65
63
84
66
89
71
95
95
80
74
61
79
87
90
72
81
86
85
71
100
99
51
68
80
55
52
68
87
79
71
58
87
78
83
57
52
57
78
80
66
84
