283
15
109
7
3
3
5
4
8
1
2
9
5
2
2
4
1
3
4
10
2
2
3
9
2
1
6
8
9
7
8
8
4
6
2
7
5
10
4
9
6
8
1
5
5
8
5
5
4
8
3
6
7
7
9
9
5
4
3
9
3
7
9
1
6
2
8
9
2
6
7
7
7
10
10
5
5
8
7
3
2
3
3
1
9
4
2
1
5
5
5
6
4
8
9
2
2
8
5
6
8
7
10
5
1
6
1
1
9
7
6
3
4
7
7
6
3
6
10
2
3
4
5
9
8
5
3
10
2
3
9
9
9
5
2
9
9
4
7
5
3
8
9
3
1
10
8
2
5
9
10
6
10
10
7
1
9
2
1
1
8
6
1
10
10
5
10
6
10
3
1
7
3
7
4
8
3
1
9
2
9
5
1
2
5
3
3
3
3
3
10
10
9
7
4
9
7
1
3
3
5
3
5
1
3
6
9
6
10
8
2
6
2
10
10
6
10
10
7
6
6
1
8
6
5
3
1
9
4
8
8
5
4
3
3
6
9
10
2
3
3
1
1
7
8
6
5
5
4
2
10
2
1
2
3
3
6
5
5
1
8
8
3
1
8
1
7
6
6
3
10
5
1
9
8
5
2
9
4
4
8
7
6
3
6
8
