312
71
248
94
56
73
25
4
97
82
57
41
98
45
86
5
83
99
78
64
44
69
25
44
64
59
72
10
26
56
1
41
69
62
29
77
20
46
47
19
48
95
21
56
13
79
21
66
2
61
2
21
51
33
43
55
89
54
62
41
49
71
100
67
64
40
50
40
4
19
86
76
34
82
90
68
79
80
75
38
87
69
48
78
4
11
43
9
9
14
57
5
9
14
93
72
8
96
82
8
3
11
58
7
50
76
2
35
81
54
72
87
82
47
70
56
74
79
33
92
55
72
40
57
76
47
88
55
45
25
35
53
37
65
63
27
64
17
5
85
95
96
49
52
13
27
36
18
21
67
30
27
13
24
39
19
93
96
91
54
13
91
38
93
54
9
55
62
44
79
22
61
82
61
63
30
72
60
73
94
61
49
44
65
24
70
80
15
77
100
73
80
71
25
68
24
99
11
45
85
40
55
85
63
79
77
57
42
92
91
74
61
77
56
72
97
76
73
61
100
70
17
98
89
1
54
58
82
94
65
68
11
76
7
56
64
56
32
96
65
50
96
81
74
75
66
46
49
65
23
89
70
52
93
66
54
81
56
29
59
57
20
57
68
81
72
16
89
85
54
88
77
87
17
71
34
23
55
99
95
65
71
63
85
7
51
28
66
68
65
96
81
87
22
91
24
67
81
58
43
76
52
10
65
80
85
75
51
94
53
99
34
18
94
64
