383
-1
564
83
65
92
73
94
100
99
83
84
81
65
69
84
67
53
70
93
69
78
75
56
99
88
61
65
90
74
85
59
76
79
99
98
80
71
71
93
69
88
71
52
75
83
67
88
64
89
86
84
89
97
85
78
83
90
93
61
84
98
97
78
60
58
63
99
50
93
53
52
70
97
63
72
77
88
66
100
50
69
78
53
81
59
77
67
77
74
88
78
78
84
83
86
88
71
90
73
60
59
65
87
59
51
79
83
71
81
63
83
84
71
69
93
80
67
95
88
89
68
67
54
54
84
88
98
66
94
100
61
93
71
51
59
96
79
90
73
90
64
51
51
72
71
78
90
66
71
86
54
76
99
50
80
98
50
58
78
52
52
63
51
80
81
58
86
86
56
64
81
64
89
78
71
72
96
75
84
75
74
94
80
97
92
59
94
88
85
89
90
56
74
100
84
55
90
79
78
89
58
74
97
79
57
87
53
94
71
82
64
88
77
64
80
58
73
63
84
60
88
75
98
84
86
80
98
50
99
61
50
61
64
90
59
66
70
73
65
93
75
67
69
87
81
94
67
69
71
82
91
96
61
62
65
95
63
75
80
100
60
100
69
62
98
81
58
58
79
84
68
78
83
51
89
56
88
77
57
86
60
87
53
78
56
95
57
95
83
55
71
86
76
89
96
99
88
67
81
90
87
63
78
57
72
56
62
79
100
58
62
68
69
99
59
91
76
69
88
92
72
90
60
90
97
74
97
78
59
70
68
92
93
56
58
88
68
50
77
86
67
84
99
72
73
86
100
65
70
81
71
96
57
100
87
97
74
51
83
58
90
59
57
98
50
59
72
78
99
55
74
62
93
100
78
56
100
70
61
85
92
74
70
62
65
