335
-1
203
48
63
27
66
86
14
26
47
66
85
22
30
89
51
11
82
92
85
51
90
6
68
73
94
7
12
70
97
41
30
8
11
25
10
75
17
36
6
54
12
30
94
30
27
41
25
41
72
39
32
35
68
68
9
90
56
95
41
39
18
8
16
37
82
26
14
66
33
29
37
56
93
2
54
48
65
6
80
94
80
93
68
20
57
45
7
89
67
72
47
93
35
19
51
100
88
31
92
83
7
22
90
77
89
40
79
87
73
59
67
12
94
18
29
44
57
55
38
1
14
56
100
14
69
55
55
50
98
88
99
67
48
81
78
41
90
81
23
43
95
13
77
96
80
95
37
61
61
45
99
48
39
67
6
87
13
68
94
73
94
86
36
10
55
28
89
83
87
47
61
82
2
2
74
52
67
39
39
25
3
74
54
86
67
74
2
71
87
92
21
92
1
13
41
14
85
34
30
86
19
20
26
4
15
47
13
61
7
48
69
32
79
30
15
4
33
83
76
32
100
12
71
60
61
17
63
27
46
31
31
12
37
29
56
52
58
96
22
69
98
22
86
44
73
65
17
27
65
86
86
73
52
3
68
31
70
14
5
53
60
19
30
80
45
98
7
90
7
16
90
46
48
28
39
23
8
38
53
62
41
36
35
80
89
30
79
55
3
90
28
52
11
35
16
33
67
17
7
76
83
99
13
56
35
85
4
95
1
99
67
33
56
4
57
92
20
91
76
30
36
69
12
54
15
95
75
65
54
70
56
14
66
15
68
50
