366
17
218
67
87
73
59
88
58
53
53
97
59
52
83
88
83
95
95
93
63
50
94
56
57
69
68
3
3
1
3
2
1
4
10
6
9
1
3
4
2
10
5
4
6
3
10
5
2
5
9
6
8
2
3
6
5
5
3
3
6
5
8
9
4
8
4
10
5
1
9
9
6
6
7
4
5
3
5
5
1
10
4
2
5
5
8
6
10
8
7
6
8
4
2
4
7
8
10
1
1
9
1
7
9
10
1
2
10
3
6
9
5
8
9
9
7
1
6
4
8
7
8
3
4
9
7
1
1
6
1
9
7
7
3
8
1
6
7
1
4
7
4
2
8
10
6
1
6
4
10
2
3
3
9
8
5
4
5
2
10
5
1
7
7
7
6
7
7
6
10
4
10
6
1
4
2
9
6
9
5
5
2
4
7
10
1
2
4
10
1
9
6
8
1
8
3
3
4
5
7
2
1
3
10
3
2
9
8
8
3
6
6
7
4
2
2
9
9
9
3
1
4
5
2
6
3
5
8
5
9
5
5
8
3
1
7
1
7
9
1
9
9
6
2
3
9
7
1
4
4
10
6
9
9
3
10
2
1
10
4
8
4
10
4
5
9
9
4
2
10
7
2
4
7
9
6
6
1
4
7
6
8
9
4
6
8
4
2
10
7
5
3
3
10
1
4
6
10
1
1
8
3
5
4
7
9
9
9
7
10
4
1
9
5
8
10
5
3
1
1
1
3
2
9
3
10
2
1
3
10
9
4
3
9
5
9
9
7
8
5
9
10
9
7
4
6
8
6
8
7
8
10
8
2
6
3
10
8
5
4
9
1
6
2
8
9
10
9
