350
-1
436
43
82
57
51
29
55
71
35
28
36
18
42
79
88
68
99
10
11
77
68
44
17
60
33
30
37
87
18
6
42
1
22
78
94
65
88
28
29
34
87
47
53
44
34
94
70
41
28
80
32
20
16
70
22
96
81
23
46
2
56
45
66
7
64
73
51
64
81
86
52
76
26
30
3
95
75
85
50
41
1
42
1
47
34
13
1
31
56
63
39
87
8
67
66
11
38
94
57
43
56
18
77
39
30
42
90
62
95
66
84
9
96
63
19
51
50
89
9
6
34
15
20
33
3
87
96
53
24
7
13
94
44
40
56
62
78
50
16
35
21
54
22
85
92
8
90
21
91
12
98
62
95
45
92
30
67
21
8
73
99
76
25
6
71
68
43
86
46
19
85
5
82
64
20
9
66
43
17
48
86
98
22
39
16
18
59
70
30
86
54
12
41
67
93
70
66
17
92
52
15
13
100
62
4
12
30
23
96
32
3
22
63
64
33
79
76
1
23
42
20
96
90
11
29
47
23
78
57
4
54
1
61
100
64
98
18
13
4
68
62
43
52
35
51
25
86
22
53
58
87
39
64
67
66
11
41
80
16
19
72
42
84
72
63
45
80
2
49
83
96
83
40
40
65
77
76
96
31
7
25
56
55
49
91
14
38
51
55
33
76
84
40
49
34
7
99
13
51
65
28
38
60
9
9
90
48
39
68
93
24
77
69
60
30
64
28
55
57
73
48
70
6
64
88
40
58
47
47
69
80
79
82
93
48
87
47
57
1
10
54
31
17
72
65
36
14
74
5
3
77
