302
21
794
20
14
85
33
51
78
51
85
74
4
13
2
33
16
31
16
18
3
66
42
65
15
3
38
81
82
83
86
1
59
69
1
58
98
37
65
92
44
86
83
68
52
82
66
34
33
18
39
97
29
6
74
20
2
89
48
53
57
80
26
85
89
29
68
15
51
9
63
62
49
28
84
82
65
77
74
27
100
82
54
21
43
4
53
55
73
46
68
22
69
93
44
63
64
81
87
44
12
78
91
63
84
7
2
68
85
77
93
16
6
52
79
43
87
40
47
74
19
3
12
40
57
100
4
37
74
51
71
99
23
24
16
100
39
49
52
81
52
60
87
2
42
56
28
17
1
91
20
79
30
88
98
60
63
79
73
11
10
70
39
31
25
24
4
74
4
84
52
72
8
5
22
89
100
21
17
96
25
35
38
73
98
29
40
36
28
9
16
88
62
64
4
95
57
57
19
90
72
39
16
96
92
89
64
81
70
76
62
33
100
50
67
61
13
55
55
21
91
67
99
71
22
62
82
43
61
99
28
50
32
42
59
5
45
90
78
81
42
49
78
81
68
15
73
44
65
92
57
67
94
31
87
63
79
91
90
29
77
31
97
57
74
22
99
52
7
87
31
91
7
68
81
93
67
7
20
26
45
71
62
29
77
81
45
67
24
81
42
6
45
29
90
15
90
6
49
91
20
58
87
15
55
