321
-1
868
61
71
83
85
85
99
63
64
50
56
91
87
75
70
57
86
50
89
75
72
83
74
76
53
93
97
69
61
76
93
55
92
83
92
63
61
53
100
94
74
71
95
74
96
75
91
82
50
84
55
74
73
86
52
81
73
92
83
64
66
93
97
88
67
91
66
98
88
85
73
68
60
73
53
58
62
64
57
81
57
54
73
85
52
65
64
100
60
97
62
92
84
86
81
88
50
87
89
50
72
56
90
78
57
56
77
59
95
68
91
93
89
63
87
71
68
99
78
72
100
60
80
68
71
83
68
96
75
72
53
86
71
95
69
60
98
75
62
89
50
64
60
56
77
63
91
97
78
60
65
87
73
83
81
55
85
59
77
99
73
100
58
67
94
75
82
55
63
78
53
62
88
79
88
60
55
55
81
75
90
79
97
84
64
66
61
68
85
94
78
88
78
69
97
59
97
76
99
51
87
68
97
94
64
89
93
94
57
91
53
71
61
81
91
51
54
63
65
71
77
60
92
51
72
84
64
76
89
72
89
88
52
97
86
97
88
69
96
97
64
72
52
100
50
92
70
79
78
74
90
78
71
88
89
78
89
94
56
81
78
92
74
54
92
65
68
86
65
99
67
57
60
100
74
73
65
89
53
55
67
51
78
53
73
50
89
57
59
51
68
90
71
60
73
89
88
76
88
75
56
52
76
65
78
75
63
56
64
98
61
70
54
96
77
59
92
77
63
79
69
58
