490
-1
428
19
56
71
90
5
34
47
56
53
87
28
15
89
60
85
41
52
74
63
72
82
35
48
39
46
78
41
15
77
30
72
93
53
95
29
90
82
73
18
69
31
99
46
92
66
4
27
99
27
3
14
7
16
15
61
39
26
97
3
71
80
10
64
14
4
8
88
11
21
51
3
68
74
44
95
3
67
4
23
19
39
45
49
15
58
96
95
2
41
37
29
62
1
62
68
23
12
74
15
56
13
93
15
8
22
98
39
51
80
89
89
56
29
80
33
98
98
7
65
82
32
75
83
93
30
13
99
74
19
71
74
28
50
30
72
41
15
40
44
39
98
88
40
61
37
84
33
59
28
76
87
31
39
90
32
65
58
92
74
21
64
77
32
30
20
88
88
20
95
48
77
71
10
28
92
88
4
36
15
3
37
31
76
3
2
60
40
83
76
25
8
17
89
70
53
65
16
96
79
99
2
100
3
50
7
37
61
90
71
14
42
31
17
100
49
51
63
63
74
48
75
42
16
14
33
28
4
37
27
82
61
30
77
74
87
78
80
44
62
20
79
97
83
47
57
10
20
28
62
78
100
65
45
71
14
66
38
30
50
49
44
75
50
66
60
48
95
59
19
77
11
32
67
62
1
55
49
91
5
88
39
82
82
36
77
40
18
26
44
53
56
3
59
1
61
61
91
1
93
97
16
63
23
79
76
87
63
56
83
71
20
82
35
53
87
65
61
76
43
47
92
75
90
3
60
91
9
69
12
10
46
93
60
32
15
13
48
51
34
55
51
77
81
65
91
70
80
55
88
9
5
82
23
75
15
52
40
70
11
41
64
55
20
51
42
10
1
87
22
32
79
55
41
37
3
89
48
11
26
8
48
65
19
85
77
31
98
53
89
69
82
31
86
12
81
75
54
27
98
56
40
7
66
58
46
80
1
9
45
54
92
28
33
74
2
8
94
20
4
9
97
14
37
92
19
59
94
68
85
10
21
71
42
56
58
68
55
34
92
75
24
76
43
19
33
64
69
4
15
22
99
23
56
34
93
78
4
76
24
32
26
88
85
87
69
55
22
88
60
28
91
43
26
57
45
82
38
62
35
27
82
14
48
99
54
57
65
41
82
41
