400
-1
745
42
56
29
28
66
92
99
97
75
52
13
67
69
60
77
26
97
74
26
28
60
74
87
95
59
56
64
42
68
15
59
62
29
66
63
24
9
73
60
100
56
75
37
100
4
100
33
96
28
78
92
76
84
54
3
14
69
99
66
56
31
8
45
15
10
76
98
99
14
75
91
59
51
66
35
66
77
24
40
28
53
81
52
72
79
22
57
46
60
59
87
88
15
71
93
79
5
69
91
52
16
44
46
43
66
73
94
47
16
44
52
59
83
63
100
29
26
67
70
16
78
32
100
89
52
96
52
88
51
4
45
83
46
75
99
67
19
22
4
23
22
70
80
74
10
36
80
19
49
22
79
59
42
53
72
1
10
7
88
33
66
60
29
52
25
49
58
83
25
77
87
25
90
89
32
18
57
61
6
46
48
57
14
69
67
75
27
34
75
9
75
95
92
74
60
37
89
10
19
1
52
81
85
46
35
38
15
33
83
100
87
60
9
68
8
12
12
56
91
88
56
77
37
99
17
28
89
83
50
65
59
38
31
66
49
11
17
6
18
83
60
51
48
95
73
91
26
30
81
34
69
57
39
31
3
66
48
20
15
32
73
90
91
9
92
5
5
52
56
43
86
71
6
47
98
50
9
92
31
44
60
87
76
25
76
9
89
74
18
95
96
92
93
30
34
6
34
31
22
39
10
99
96
33
27
85
77
18
81
24
64
68
1
39
22
2
10
85
6
33
51
46
4
65
56
91
17
66
27
56
64
53
2
52
60
84
70
19
100
5
88
32
15
74
98
79
28
79
38
70
57
97
21
72
48
28
77
40
100
27
20
22
67
86
57
21
67
96
52
2
82
39
63
62
91
72
42
15
6
85
87
55
26
47
5
94
27
94
88
6
66
34
98
83
70
29
81
38
75
2
