419
-1
18
6
9
8
6
4
8
3
4
10
1
9
9
5
10
5
6
9
8
10
8
8
4
8
7
3
5
10
10
8
2
2
8
7
10
9
2
9
10
2
1
6
1
2
4
6
7
8
8
5
7
4
7
1
5
6
9
2
6
4
6
5
10
7
4
6
1
2
4
9
1
6
4
9
1
5
2
2
9
6
7
10
10
8
7
3
2
10
3
5
8
10
3
7
5
3
10
7
10
4
3
3
4
8
7
3
10
5
2
3
1
10
9
9
4
9
9
3
6
3
6
6
6
7
4
4
1
1
2
3
5
1
8
9
1
9
6
2
6
8
6
7
4
2
10
6
8
3
3
10
2
5
2
10
1
10
8
4
10
2
5
8
3
10
10
7
6
1
5
1
6
10
2
5
1
4
4
4
10
8
8
3
1
9
7
9
8
6
5
6
4
10
5
8
3
7
9
5
1
4
1
3
7
9
3
4
5
7
8
8
7
10
6
2
7
5
6
10
6
2
6
9
6
4
6
5
2
10
6
4
8
1
9
3
9
1
7
4
10
2
5
2
7
4
7
5
3
6
4
5
3
4
10
3
10
6
3
4
8
3
1
1
2
3
4
4
9
2
5
3
7
2
2
10
8
9
1
2
10
2
6
9
7
9
10
6
9
9
3
9
8
5
3
7
4
2
1
1
3
9
8
2
9
8
4
5
8
10
8
1
3
7
9
5
5
2
4
7
4
4
1
4
1
2
5
9
7
10
5
8
2
9
5
9
10
2
6
3
4
4
8
1
3
10
7
8
5
2
2
7
8
1
1
3
5
10
5
8
5
7
3
8
1
8
8
3
2
4
3
7
5
7
3
2
4
4
5
2
6
4
7
3
6
4
10
10
7
5
4
1
10
6
9
7
9
2
6
3
8
7
1
10
7
7
2
3
8
10
10
1
4
5
6
4
9
3
2
9
5
5
