458
26
1106
71
54
74
9
91
98
72
67
70
68
92
93
97
23
75
61
91
61
89
70
63
93
18
65
33
11
80
88
7
71
68
38
79
28
63
99
99
94
69
78
76
90
57
29
82
42
18
58
89
85
66
57
75
1
49
8
51
67
58
66
13
69
85
53
30
67
79
79
90
81
33
80
78
6
93
60
60
83
97
76
60
94
59
72
58
59
97
11
70
90
54
73
61
52
46
77
60
100
10
100
76
67
45
84
14
49
61
97
55
9
52
99
83
26
85
43
74
98
28
5
66
71
58
90
75
59
3
95
62
54
78
93
54
57
100
89
72
19
55
81
86
64
87
97
7
75
76
98
68
67
59
76
27
67
50
72
91
54
54
11
55
62
89
61
19
79
71
56
75
97
51
93
54
93
47
95
67
77
93
26
82
78
17
29
25
22
22
4
100
71
93
84
51
94
74
59
62
81
73
91
98
56
92
95
20
99
53
74
75
63
86
53
62
93
29
73
99
74
69
51
29
10
56
33
92
90
58
15
3
20
59
98
91
14
53
52
37
47
79
92
90
54
95
66
2
80
74
62
70
75
11
9
99
63
89
6
90
29
18
16
97
6
100
46
85
95
78
83
45
53
34
89
87
92
24
38
39
85
81
73
51
62
49
67
73
73
91
82
57
77
48
71
83
15
54
73
80
77
65
51
67
96
53
94
73
78
37
97
64
23
55
30
43
35
76
65
9
68
60
57
97
63
51
65
46
70
63
86
15
90
62
62
56
63
93
31
90
58
10
100
67
78
94
91
11
19
52
52
54
87
41
77
21
37
61
32
86
67
59
53
82
55
63
62
25
59
24
65
22
90
7
67
86
19
93
80
63
34
1
14
1
87
63
55
94
59
62
71
37
79
83
50
46
76
65
95
71
21
100
66
97
80
100
34
5
32
76
78
94
53
36
73
85
55
31
66
98
94
1
60
93
67
85
76
16
32
76
65
8
68
54
58
92
64
85
66
64
4
57
73
88
89
72
73
89
74
56
79
41
62
59
28
72
31
45
80
48
99
