448
29
777
35
74
5
43
27
97
68
77
78
8
66
15
92
3
90
39
57
29
82
81
4
90
9
95
6
82
66
50
83
48
4
54
45
64
77
96
56
44
25
18
23
74
69
8
9
70
42
25
73
61
41
38
35
97
97
3
62
79
87
52
85
21
50
18
38
30
48
80
19
15
33
28
83
19
58
67
53
78
97
28
61
2
99
21
12
86
64
1
71
38
46
64
79
42
76
71
92
37
20
84
43
26
47
50
36
9
37
81
54
42
7
89
100
17
60
20
66
73
62
30
13
26
46
79
93
28
34
51
85
51
96
1
58
92
18
22
61
10
9
43
39
78
27
49
68
71
27
26
23
73
45
30
65
7
90
85
56
93
78
1
96
37
80
20
90
30
100
86
35
87
76
42
36
2
7
49
42
31
4
30
12
3
65
43
6
47
82
75
95
54
60
61
2
62
75
31
68
55
47
82
37
6
43
69
74
29
3
29
100
62
92
22
61
77
76
9
14
12
24
38
38
27
33
71
82
90
83
27
20
83
11
52
45
33
12
16
80
75
67
29
22
29
96
94
99
12
31
68
66
67
19
65
15
26
51
72
15
88
8
96
75
28
45
35
37
33
85
71
84
56
52
91
84
98
19
34
53
22
83
60
41
78
72
46
52
67
66
5
77
20
54
31
60
8
3
73
90
73
67
26
12
87
12
55
65
36
63
35
51
24
85
28
18
12
84
73
78
67
33
10
47
53
22
21
4
37
37
6
84
16
61
73
93
84
99
61
44
6
32
87
22
34
90
11
74
32
60
36
22
40
4
28
3
53
17
57
34
31
2
74
96
30
69
100
56
62
67
51
98
76
28
80
93
66
52
49
87
5
1
26
11
2
32
99
24
84
41
30
79
5
49
18
5
79
95
99
27
37
68
64
5
10
56
5
94
37
23
85
35
97
12
32
73
70
70
65
88
13
98
30
67
76
32
79
88
30
42
61
37
26
56
42
44
75
18
53
51
62
57
57
97
74
96
47
36
57
71
65
