428
61
536
55
64
100
66
68
95
67
100
75
65
98
100
66
82
84
89
62
64
87
94
75
53
99
85
87
83
82
78
84
67
61
56
63
98
79
95
92
51
66
50
82
66
75
73
83
76
72
62
78
56
98
56
51
84
81
65
61
64
78
78
78
60
59
80
88
96
75
81
51
61
67
56
87
88
54
50
99
85
79
94
86
85
58
82
52
52
60
66
84
62
83
60
84
78
97
51
79
54
54
84
75
94
60
100
90
75
51
90
90
79
93
64
86
97
83
77
54
81
76
72
56
74
62
84
80
91
60
54
89
68
79
61
88
71
84
64
95
72
79
100
83
78
53
57
81
86
86
51
84
88
67
65
80
94
79
56
91
69
90
71
70
83
63
71
66
63
77
81
50
75
51
88
56
53
100
55
73
100
81
61
68
94
72
78
57
66
98
86
95
83
75
85
73
93
73
71
87
89
79
85
61
79
83
60
84
74
71
93
62
82
83
64
83
70
81
94
89
88
83
80
66
53
54
77
100
96
70
68
78
70
78
58
77
80
87
77
95
61
55
50
51
78
54
70
55
86
82
95
76
54
98
97
84
100
67
83
51
84
69
71
64
76
65
83
100
73
78
96
63
84
94
61
92
83
60
85
62
62
64
63
72
59
56
94
74
93
52
84
80
55
86
88
72
78
77
92
81
52
71
73
68
64
73
59
85
93
65
67
80
69
66
84
76
50
73
78
62
52
100
62
87
53
82
75
80
96
55
69
71
64
79
66
84
72
84
77
82
53
82
74
84
77
79
88
92
70
63
58
75
50
97
52
74
74
73
92
63
100
87
96
74
54
65
86
89
77
65
98
84
58
75
64
51
56
90
59
69
66
89
93
90
55
83
86
93
63
72
95
98
59
61
56
90
67
96
87
57
100
55
52
94
54
59
96
60
78
88
79
61
83
64
88
83
89
99
96
95
65
95
93
61
97
68
83
70
99
84
78
