468
138
256
83
73
100
88
90
71
62
95
56
75
51
86
62
74
65
77
58
98
81
86
75
74
77
80
57
54
67
74
94
99
90
54
72
70
69
100
93
97
85
79
93
97
100
51
84
59
60
84
56
97
100
80
89
99
57
72
75
62
64
75
63
71
82
51
55
95
67
90
73
51
83
51
80
76
87
65
71
60
72
54
76
96
79
56
68
88
57
69
95
75
56
54
61
68
60
53
86
93
56
66
58
55
95
93
70
59
75
87
50
97
90
72
67
92
83
72
90
61
67
51
68
90
56
69
65
61
64
95
63
60
52
87
74
79
60
87
64
92
79
72
99
90
51
69
82
79
74
86
81
91
73
53
98
50
81
77
51
71
81
55
91
92
69
58
98
93
68
67
65
67
63
80
92
58
96
78
72
53
68
55
68
94
67
56
83
53
92
87
97
67
50
71
69
82
69
90
54
66
57
65
74
83
92
68
57
74
63
83
89
59
79
88
78
94
87
96
77
94
53
55
76
70
62
73
50
77
68
88
72
71
67
64
92
84
79
94
71
57
92
65
85
93
70
92
86
58
71
50
82
66
81
91
68
50
55
95
86
73
80
62
78
77
86
98
71
64
88
65
59
77
71
59
59
99
55
75
70
60
60
57
98
66
88
50
99
78
68
68
76
63
67
68
97
54
53
97
61
70
83
91
50
55
90
97
66
73
100
95
55
68
92
97
76
89
88
94
94
73
91
77
75
95
97
66
55
73
59
97
67
97
78
78
69
60
88
60
56
60
66
59
70
52
55
51
70
81
95
77
80
57
61
54
82
62
79
62
82
53
92
78
87
90
89
84
93
64
52
83
81
56
69
76
89
84
91
55
80
86
73
57
85
99
68
82
100
60
81
64
51
66
90
75
75
94
77
67
98
87
75
98
92
55
73
52
91
83
87
91
58
100
88
95
84
69
52
93
79
86
66
81
91
82
93
69
81
54
57
86
60
99
93
88
91
54
92
99
100
70
81
91
55
68
51
96
54
89
51
70
71
83
98
69
77
70
89
95
57
67
96
97
57
69
96
86
78
99
90
69
