598
-1
487
63
89
97
78
92
55
97
88
95
64
80
68
71
95
75
89
54
75
61
66
86
56
99
65
56
99
79
73
53
63
76
67
77
82
67
68
64
69
68
83
77
67
74
80
55
86
68
62
78
67
90
63
90
56
69
97
87
87
70
75
73
81
97
88
68
53
64
95
87
92
79
77
75
86
85
55
60
78
71
68
69
73
89
64
95
61
85
55
96
51
98
82
89
71
60
94
64
74
75
91
63
67
91
77
65
89
50
77
88
66
98
64
51
64
96
51
54
68
59
100
61
62
99
77
52
81
80
94
91
65
89
90
94
91
68
93
74
100
60
79
89
96
63
57
53
60
51
58
69
71
56
88
58
89
64
94
66
53
69
95
75
96
95
74
81
59
76
80
79
86
53
93
65
61
81
56
51
81
93
66
91
66
91
77
64
52
83
63
80
87
93
55
94
88
82
77
75
67
78
98
54
68
69
52
68
59
64
69
72
98
61
59
71
99
76
75
54
73
93
70
98
74
65
84
72
59
91
81
79
59
88
53
80
68
97
90
100
86
79
52
92
80
94
70
61
63
77
90
57
70
84
97
68
61
50
88
89
82
58
68
94
83
70
54
80
55
74
88
60
84
88
65
86
99
81
81
63
55
57
80
99
65
96
75
96
95
61
74
68
76
74
73
71
81
89
60
81
50
92
80
53
100
55
64
83
74
61
75
79
70
80
52
54
77
66
89
79
68
63
50
89
62
78
77
61
100
58
77
60
73
88
99
79
79
96
58
57
76
74
85
58
54
61
65
52
78
85
70
72
77
70
76
75
60
59
63
68
84
92
62
95
95
51
76
90
67
72
55
88
74
57
93
54
51
63
76
67
87
91
51
76
68
96
58
55
90
55
65
92
81
53
75
60
84
71
96
87
59
100
62
50
91
51
83
68
58
50
93
78
75
73
67
91
86
53
54
56
72
56
64
84
84
57
73
84
62
88
90
71
50
92
87
70
95
95
88
51
69
88
73
59
62
71
100
70
74
58
73
53
78
51
95
96
88
69
63
93
50
90
93
95
87
62
88
76
56
76
89
55
79
89
76
88
68
73
80
64
81
74
70
73
77
80
88
80
91
50
54
61
67
64
86
59
62
77
72
93
97
86
71
82
84
67
57
91
64
69
94
75
100
65
56
93
89
80
78
87
85
67
53
68
85
52
51
66
73
98
99
97
86
61
65
83
80
88
76
96
70
97
71
53
76
95
87
89
85
92
98
69
67
82
69
89
72
94
74
67
64
90
74
66
94
93
55
59
60
64
90
77
56
97
97
52
56
78
71
88
85
52
79
78
84
60
58
100
100
75
86
64
82
67
56
76
91
69
74
62
73
