523
153
125
95
66
66
50
55
91
100
73
96
85
82
72
77
62
86
100
63
94
97
78
94
83
90
71
59
88
50
65
75
50
56
90
56
71
95
93
97
79
94
69
90
63
93
82
53
92
70
88
57
93
69
66
98
75
69
87
69
55
64
92
96
80
85
66
99
54
77
67
77
66
74
93
81
60
73
64
84
60
57
95
63
51
77
67
70
98
66
60
56
72
77
71
51
79
97
93
84
79
75
86
58
65
54
57
81
88
85
82
82
81
59
81
94
82
81
94
75
63
95
54
85
52
53
67
56
61
53
80
76
56
52
61
53
87
95
73
52
60
91
98
58
65
88
60
62
97
96
59
76
83
64
83
65
57
55
93
71
89
69
93
86
99
70
56
75
95
60
54
57
89
53
73
78
76
55
96
80
58
83
75
84
69
90
57
61
100
95
59
60
74
55
92
76
70
92
85
85
51
61
63
59
86
86
71
50
6
6
10
2
6
1
1
3
8
7
9
8
9
7
6
7
6
6
8
3
7
6
2
10
4
3
3
5
3
10
2
9
6
3
7
3
5
5
2
5
9
2
9
10
10
8
4
2
4
9
10
1
10
9
8
5
2
5
3
1
8
2
8
3
9
5
2
2
10
1
1
6
2
5
7
4
6
4
7
8
1
3
7
2
6
1
7
5
8
2
6
5
4
5
6
5
8
5
9
10
5
1
10
8
8
9
4
10
10
7
9
9
9
2
1
10
8
3
3
3
3
6
5
7
3
2
9
8
4
6
9
10
2
8
2
5
10
7
2
2
3
10
1
7
2
8
6
7
8
8
9
1
10
1
1
2
9
5
9
4
1
9
5
6
3
5
8
8
1
10
5
2
9
6
7
5
1
2
2
5
8
9
5
2
2
7
8
10
3
7
8
7
10
8
10
9
1
4
3
10
2
2
5
3
10
7
8
5
9
9
3
6
2
9
5
8
1
8
8
6
9
10
10
8
5
5
6
2
9
7
7
4
7
6
3
6
9
6
8
10
8
9
2
4
1
9
2
2
10
7
4
1
9
7
6
9
8
2
5
7
8
7
4
1
8
2
4
6
8
5
8
2
2
6
10
10
9
2
8
7
1
5
7
8
5
1
9
4
10
2
1
8
2
6
7
5
8
5
9
3
9
6
2
3
2
2
1
7
7
1
5
3
7
5
1
8
9
3
