535
-1
371
22
94
52
51
54
96
96
82
77
82
55
78
77
40
47
89
77
94
78
81
37
66
8
79
24
70
80
100
53
30
10
34
63
29
80
41
80
62
100
66
79
71
29
94
99
59
57
93
52
54
65
64
52
88
56
76
82
65
77
41
94
100
94
97
56
92
79
59
78
99
91
59
64
61
80
99
66
95
28
5
69
9
86
73
58
98
15
19
71
88
26
79
64
32
75
54
97
82
92
51
68
84
56
65
56
63
53
77
81
85
65
67
67
78
93
48
54
21
56
81
58
36
72
1
95
99
74
79
94
98
72
72
56
65
89
98
55
60
67
91
84
69
80
71
80
80
60
72
51
34
61
97
73
47
55
46
31
91
90
72
38
100
87
72
45
73
86
99
90
56
70
29
51
56
43
59
85
88
65
80
26
11
76
59
73
69
57
43
59
69
94
1
6
82
65
97
2
84
63
94
57
62
89
83
88
81
63
89
68
98
81
67
96
98
75
23
68
82
94
68
76
16
60
69
59
59
80
51
26
91
58
79
84
63
62
50
92
72
41
82
27
90
99
24
58
66
65
45
1
98
78
20
65
72
77
95
87
7
80
92
56
97
80
79
95
57
35
64
48
66
57
27
33
89
76
62
55
95
67
51
100
91
93
96
27
11
51
89
84
77
80
55
95
60
89
29
93
24
13
67
99
35
6
63
79
52
92
50
96
68
66
96
47
78
39
98
55
88
5
94
83
76
46
65
84
94
90
64
87
53
64
57
70
84
59
62
57
57
88
54
58
55
62
84
29
86
62
17
58
65
99
83
48
55
69
22
65
83
69
22
58
88
41
61
92
42
60
96
11
90
62
80
75
65
78
67
94
84
96
100
68
53
13
61
16
84
96
98
83
87
78
79
69
37
8
4
72
87
69
94
59
46
8
96
66
71
57
96
83
47
71
53
89
99
59
78
54
51
52
76
64
56
94
94
96
62
53
18
63
89
57
81
67
37
34
56
70
4
76
90
59
82
98
63
23
89
69
76
71
82
71
85
73
40
100
46
92
96
36
59
83
45
82
48
41
42
96
87
72
59
64
77
77
77
74
59
78
90
78
77
64
96
59
44
55
71
77
51
55
10
100
64
72
85
89
59
68
77
53
70
61
62
86
83
69
91
36
56
76
65
56
82
3
51
89
77
7
70
40
97
63
56
74
72
22
98
100
73
69
52
68
68
2
82
98
