572
-1
210
78
96
64
87
70
57
63
86
89
64
53
86
69
94
62
96
89
92
72
59
93
55
96
81
65
52
99
99
57
100
73
61
64
85
69
55
95
95
64
73
99
88
89
10
9
5
1
3
9
5
4
10
3
5
7
9
6
5
8
2
4
3
3
6
3
3
8
5
9
10
4
2
10
1
3
2
5
4
5
7
3
1
7
9
4
4
6
2
8
8
5
5
9
10
8
1
6
10
6
10
6
7
6
2
9
6
8
6
3
10
6
4
2
9
6
1
3
9
8
8
1
4
4
2
7
5
2
10
7
9
1
9
2
2
4
6
2
4
6
6
7
5
9
6
10
1
3
9
3
4
6
1
8
5
7
5
2
1
8
6
7
4
6
5
1
8
9
8
9
8
9
3
9
2
4
6
8
9
1
5
6
2
4
2
2
3
6
7
6
9
9
1
10
7
2
1
5
7
4
9
4
1
10
1
1
2
5
6
10
7
2
1
6
3
2
4
4
1
4
10
2
2
6
7
7
10
4
9
6
2
1
2
9
5
2
1
7
9
4
9
7
7
10
1
4
2
4
9
8
2
4
7
2
3
3
8
10
7
3
1
7
5
4
1
7
2
6
5
7
5
4
8
3
1
6
6
4
1
3
1
5
7
8
1
9
4
1
5
4
9
1
10
1
9
4
6
10
6
5
8
6
2
7
4
10
2
2
9
6
1
10
1
9
10
9
3
5
8
4
1
9
9
2
9
9
7
4
1
1
9
2
10
5
3
5
1
9
2
2
4
5
6
8
2
2
3
8
6
3
7
4
9
9
10
7
9
4
10
6
9
1
2
9
5
7
1
2
10
5
3
8
1
3
8
10
6
6
8
9
3
5
4
3
1
6
3
9
4
9
1
3
1
5
9
10
6
4
7
9
5
9
9
3
4
1
10
8
7
4
8
4
7
3
1
3
9
2
2
1
6
7
4
8
10
3
3
5
3
10
5
9
8
3
2
8
5
3
4
5
6
9
5
6
9
1
1
9
7
10
9
5
7
9
10
3
9
9
5
8
1
6
7
5
1
1
4
7
7
2
2
4
6
2
2
6
3
1
5
1
6
3
7
4
10
9
1
10
10
6
8
2
1
4
6
9
7
4
8
1
2
8
7
5
9
7
2
8
10
4
8
2
10
3
7
10
8
8
1
2
7
4
5
8
6
9
3
3
9
6
6
4
3
6
2
4
8
6
6
4
4
5
1
5
10
2
4
6
2
10
2
2
10
8
8
10
9
1
2
1
8
9
1
8
1
8
10
1
6
1
8
7
7
