669
130
129
50
86
94
54
57
52
66
76
69
57
77
94
64
79
91
55
79
68
51
93
91
68
51
93
91
91
59
76
57
96
97
69
83
58
56
81
96
52
86
78
92
67
56
56
51
91
93
73
70
77
91
64
81
76
51
75
81
57
50
80
53
86
61
62
100
94
89
88
52
60
83
79
64
82
72
90
72
51
88
82
78
80
82
98
70
74
61
88
51
60
57
84
65
57
51
77
63
55
53
88
90
89
70
94
50
62
87
56
89
73
88
94
63
90
86
53
70
75
92
94
67
59
94
52
52
71
79
76
87
54
63
92
69
51
60
83
61
72
61
68
64
70
57
71
91
70
67
96
95
91
57
56
90
70
72
99
80
91
56
72
83
55
80
62
53
60
65
60
60
73
58
88
59
53
57
76
72
82
86
87
55
83
68
89
81
52
54
83
2
6
10
6
3
4
4
3
2
6
10
8
2
6
9
6
8
8
1
5
4
8
2
8
3
4
8
1
1
5
1
4
1
10
2
2
9
2
8
2
8
4
5
6
5
10
5
1
3
7
1
5
9
1
9
3
8
1
7
2
5
8
7
4
5
2
2
4
7
8
1
1
3
8
10
9
3
1
4
4
10
10
4
8
3
7
1
5
7
1
2
5
10
3
1
10
8
5
3
6
9
4
5
4
9
2
8
9
8
9
7
9
10
1
4
6
7
10
1
7
3
6
6
1
8
3
6
3
10
2
5
9
8
2
4
3
9
7
2
10
3
8
7
9
8
2
2
3
4
2
1
1
9
10
3
4
3
9
5
6
5
5
3
7
6
6
9
1
4
7
4
3
1
1
6
5
4
6
2
1
7
6
4
10
7
4
3
5
7
6
9
3
6
7
8
2
7
7
3
9
8
3
7
10
4
9
8
10
3
4
5
1
8
3
2
6
10
1
1
8
2
4
1
4
5
10
2
6
2
8
8
1
4
9
2
6
4
5
5
6
5
9
5
7
10
7
8
2
10
3
8
4
1
7
5
4
4
6
10
3
4
2
7
9
2
6
3
1
5
3
8
7
4
5
3
2
5
9
4
10
1
3
6
7
7
7
2
4
6
9
2
3
5
2
3
5
7
8
2
9
8
3
2
4
2
2
2
7
6
3
2
3
3
4
9
8
1
6
4
6
3
10
1
1
8
9
8
2
10
6
2
2
6
10
7
10
2
5
6
5
5
1
7
2
10
8
9
1
6
8
5
4
9
2
1
7
6
6
4
3
4
4
5
3
2
4
7
8
6
5
5
8
4
6
8
2
4
7
8
7
6
4
7
10
4
8
3
6
1
5
5
9
2
3
3
3
8
10
4
10
6
4
3
10
7
9
10
4
9
5
8
10
1
7
3
6
3
9
10
9
5
10
2
4
6
7
10
6
7
9
1
8
6
7
2
3
6
4
5
10
5
3
3
2
6
9
4
5
7
10
4
9
1
3
8
10
8
7
7
4
10
3
9
6
7
4
4
8
3
2
5
4
6
3
5
4
2
4
3
9
9
