684
-1
408
8
25
36
83
63
3
15
47
21
54
87
94
22
31
78
71
32
60
87
31
53
76
23
93
56
72
44
92
23
48
87
70
27
72
9
64
6
40
19
68
52
41
57
94
73
10
6
31
87
70
71
32
3
94
67
98
3
97
31
25
94
87
9
66
56
13
65
1
93
56
92
64
10
83
43
64
14
81
27
46
1
96
19
7
17
26
71
56
51
43
50
49
64
1
14
42
97
97
22
1
61
30
77
61
62
33
24
5
87
1
91
76
55
62
5
5
96
48
73
46
59
82
69
14
7
7
44
5
1
37
98
52
11
58
72
4
47
97
79
90
17
69
46
78
1
25
96
91
87
3
100
46
32
22
38
55
51
83
17
91
15
75
66
12
56
95
92
79
71
95
37
61
50
74
51
14
30
92
70
46
7
77
83
55
82
60
12
35
93
89
59
46
21
22
99
15
38
88
48
48
68
62
20
26
36
65
19
79
82
36
28
92
51
95
83
52
47
78
63
5
66
20
78
96
74
27
68
16
57
54
64
19
3
16
49
64
100
55
33
11
55
84
45
58
42
71
32
5
83
77
28
22
11
49
84
17
10
43
8
75
52
27
66
46
18
39
49
45
45
49
2
46
72
77
6
21
2
33
100
50
41
70
33
76
23
84
29
18
11
50
37
88
75
69
38
14
64
78
85
27
8
55
90
57
50
48
45
65
48
29
56
13
57
53
55
35
81
54
88
50
87
63
77
46
35
83
45
58
81
32
3
66
2
89
5
77
75
13
65
65
19
70
19
1
26
88
44
12
22
32
29
14
1
49
31
14
1
74
39
23
52
12
48
29
96
100
45
17
69
93
40
88
79
28
41
28
96
28
84
2
29
13
80
88
1
17
95
34
60
36
11
9
40
97
47
50
37
16
44
89
47
83
33
17
46
12
16
19
61
42
37
21
11
81
16
2
32
45
91
15
95
97
37
24
43
6
28
16
82
2
86
9
81
22
6
5
38
43
29
39
36
12
41
86
16
65
49
32
34
63
12
35
31
29
25
33
41
65
47
4
7
23
12
9
65
83
9
28
44
48
14
28
7
78
31
30
32
8
28
35
35
4
39
21
34
3
14
40
9
45
93
49
39
41
31
41
4
39
24
19
13
85
31
4
2
60
55
14
16
11
18
84
48
94
64
2
32
28
14
36
40
39
42
34
14
77
22
99
46
37
29
94
8
29
50
22
1
34
43
77
77
34
63
82
64
3
42
2
47
11
2
31
48
9
25
99
34
26
50
39
13
6
27
26
10
47
18
93
59
17
89
61
77
32
6
34
84
47
37
100
8
34
44
46
50
33
33
34
89
42
36
6
15
12
77
8
30
89
65
14
24
67
86
11
57
77
44
9
86
24
13
44
31
12
43
36
60
8
54
50
28
6
9
86
32
43
47
27
21
5
37
33
65
21
4
11
48
51
36
51
4
17
36
41
99
47
45
26
19
83
65
32
19
45
98
17
17
100
20
45
25
46
30
38
43
9
5
33
6
75
10
87
10
25
100
4
8
5
12
28
64
16
98
4
