640
35
1381
59
87
98
73
70
64
98
87
99
78
68
99
53
56
66
67
74
86
75
71
87
87
66
71
75
62
78
83
63
95
52
57
58
65
86
85
58
84
92
50
72
76
79
58
100
94
86
70
80
75
86
95
94
79
97
56
88
72
58
64
51
84
71
95
68
75
95
95
63
63
65
88
84
68
67
98
72
61
73
84
65
87
94
90
50
87
96
51
84
93
68
71
74
84
70
52
77
98
77
99
100
62
96
69
74
88
85
59
86
69
53
79
70
53
51
50
70
66
88
76
52
57
57
100
95
51
76
51
75
66
84
91
81
88
57
66
82
68
85
91
54
75
54
75
84
57
58
74
67
77
51
50
84
100
79
96
78
97
66
62
50
63
67
68
72
98
79
100
96
92
66
87
92
86
52
93
95
81
67
54
55
76
62
96
65
50
84
53
87
75
66
55
94
72
78
75
87
50
86
87
55
92
82
93
62
59
74
52
92
58
80
87
100
71
97
82
88
95
74
68
85
95
53
100
93
75
67
56
89
52
54
51
100
50
84
53
81
53
96
75
64
71
97
66
62
70
82
79
89
63
50
86
89
65
53
67
87
55
88
59
92
63
62
61
67
50
73
64
60
76
94
80
51
52
71
90
59
81
94
58
57
91
65
51
60
93
94
77
65
97
91
77
61
89
85
89
97
76
51
72
65
86
95
88
93
86
52
50
54
62
59
89
84
59
70
61
64
86
50
50
66
80
77
55
59
89
50
52
79
58
70
69
59
89
76
68
77
52
95
96
60
70
55
91
56
51
66
59
64
52
50
57
80
90
99
91
51
69
84
74
51
80
81
53
56
95
63
94
93
88
98
70
92
63
57
86
64
100
54
91
75
100
69
67
95
57
57
77
51
90
62
73
54
76
86
70
72
60
84
82
79
72
62
68
64
100
94
94
97
88
88
52
60
85
85
51
50
66
55
60
74
56
61
69
76
77
85
62
68
94
63
54
75
89
93
86
90
87
89
84
92
98
66
88
85
67
73
80
85
100
93
86
82
79
59
84
55
66
81
78
61
52
79
82
71
71
88
68
83
83
71
78
90
62
93
94
61
54
60
74
88
90
72
100
90
63
82
88
82
78
76
60
63
95
57
84
54
52
51
61
58
96
66
96
80
65
68
65
55
53
73
51
100
69
95
96
61
68
56
100
95
93
70
56
89
77
75
81
65
64
84
59
80
83
50
57
50
89
95
97
80
73
89
86
56
72
62
69
61
51
57
91
83
95
66
60
52
59
57
94
92
91
86
58
62
51
50
83
90
65
73
84
99
70
84
95
100
80
75
67
53
71
64
82
85
67
65
67
69
99
83
92
74
63
61
53
68
60
94
94
89
79
55
73
77
52
84
100
68
76
87
84
51
84
50
92
90
92
68
74
50
51
77
97
100
65
59
90
62
67
56
59
86
61
93
58
78
79
66
71
