612
-1
523
97
2
30
91
63
99
78
50
2
58
1
3
99
28
32
10
1
75
55
75
31
38
34
62
25
12
63
43
100
58
45
68
38
31
91
59
4
43
48
31
84
43
51
37
48
26
97
39
42
64
50
5
98
66
65
24
74
59
40
57
23
98
95
3
74
96
70
99
54
84
53
35
19
93
32
2
27
63
71
65
19
72
14
52
38
99
6
80
66
4
50
98
89
35
82
55
85
63
70
1
41
38
44
3
86
74
47
91
62
53
8
28
9
64
50
8
79
53
11
71
78
11
96
56
26
83
57
64
49
96
93
57
94
20
75
77
63
50
99
93
83
14
61
69
91
5
62
61
51
42
32
38
89
48
80
24
62
59
75
72
44
62
44
56
40
46
100
96
28
88
91
98
17
60
82
28
43
63
53
4
79
84
23
20
77
78
7
91
25
79
89
18
48
27
25
90
9
32
70
2
58
53
27
99
92
6
26
46
43
1
25
26
94
92
36
60
19
69
78
47
44
57
51
43
38
55
40
49
27
93
40
35
33
10
9
84
36
70
45
64
69
86
82
19
23
84
26
96
95
85
97
84
47
9
14
88
94
13
90
23
23
44
62
35
29
26
42
46
78
65
91
22
99
83
27
73
94
75
44
70
82
93
68
92
61
52
33
94
93
66
81
4
26
3
90
44
26
67
27
73
46
9
20
61
11
58
64
78
35
80
45
23
59
57
93
62
14
100
59
1
14
80
14
82
63
83
77
1
2
96
68
58
68
16
82
21
84
77
94
26
75
14
81
95
3
44
76
84
36
70
47
50
34
20
93
47
62
1
75
48
34
82
68
90
72
2
33
43
96
5
22
6
41
95
5
27
93
19
19
50
54
76
48
81
31
52
20
90
52
72
39
25
1
88
31
61
85
83
24
69
24
8
51
10
61
36
71
60
6
47
27
49
95
36
17
36
85
42
100
2
60
13
20
73
81
80
58
61
37
74
9
37
47
51
83
28
65
54
31
33
21
95
1
72
90
63
6
54
72
55
35
74
16
38
73
32
51
25
55
80
56
91
41
90
43
100
22
51
79
65
40
88
17
28
45
10
64
74
69
76
71
57
29
95
46
63
50
43
91
88
22
10
68
50
73
67
91
21
70
69
32
83
49
65
70
12
62
53
47
85
59
44
61
14
84
57
79
4
5
47
77
34
65
40
4
66
58
10
67
80
32
73
53
26
12
6
60
12
56
93
67
10
28
96
19
90
3
51
44
76
90
84
90
29
85
61
90
55
50
58
51
41
10
53
68
7
82
49
64
93
29
19
51
67
31
76
23
53
90
66
67
96
59
95
5
39
87
65
54
33
1
53
20
71
7
1
7
44
13
37
61
23
85
23
28
69
19
21
52
67
48
94
