765
-1
166
85
89
71
68
52
76
57
73
89
100
61
92
99
56
91
71
69
79
93
61
94
63
89
88
100
96
92
75
69
72
86
77
68
81
100
95
68
71
79
55
73
82
67
91
96
62
76
53
78
53
61
100
70
57
99
61
55
66
57
70
73
84
80
84
94
53
99
61
96
80
67
87
91
58
84
96
96
97
68
100
60
90
81
60
91
97
55
64
75
65
67
51
60
56
62
85
73
68
81
80
100
64
84
78
54
9
6
4
3
5
7
5
6
10
4
1
4
9
5
2
5
1
7
7
10
1
9
9
5
8
2
3
8
8
9
9
5
1
1
5
2
1
5
7
10
10
6
9
3
2
3
2
2
9
3
6
8
6
9
5
10
6
10
6
7
2
1
9
4
8
7
5
9
10
3
10
5
9
7
9
8
1
8
6
9
10
6
9
2
2
3
7
4
9
2
7
7
9
7
9
8
5
5
6
6
4
2
5
5
10
8
4
2
9
3
5
10
6
7
10
2
9
5
9
9
1
10
8
3
2
9
10
2
4
7
10
7
7
6
5
3
6
2
5
8
8
9
2
5
1
9
1
1
1
7
1
7
5
8
2
6
1
9
7
8
7
7
1
3
1
5
4
10
9
1
5
7
2
1
10
9
5
5
5
3
9
2
8
1
1
7
1
9
1
9
10
7
7
7
10
8
8
3
2
9
2
9
7
2
1
9
2
3
3
7
3
8
7
2
2
4
4
1
9
5
4
3
3
3
5
10
1
3
10
3
3
4
8
7
4
6
10
7
10
9
6
8
9
1
7
10
4
7
5
1
8
6
1
3
8
9
5
7
5
1
1
7
10
5
8
8
7
2
9
6
6
1
6
10
5
3
2
8
8
5
7
1
9
4
6
1
8
5
10
1
5
5
2
7
4
6
5
4
10
1
3
1
3
1
8
5
3
7
4
9
5
8
3
2
6
2
1
10
5
6
1
6
4
7
7
6
8
9
3
9
4
6
3
2
3
1
2
7
6
5
5
4
10
9
5
8
1
3
9
2
2
3
1
2
4
10
7
7
6
7
2
3
3
10
2
3
9
4
1
7
6
10
7
8
3
1
5
10
6
8
2
10
1
10
3
4
8
6
6
1
8
2
6
1
8
6
2
6
3
2
9
8
7
5
5
1
8
7
7
1
5
2
3
6
4
8
9
3
8
7
5
2
8
7
8
5
3
5
6
4
9
8
6
3
10
1
9
8
6
9
1
5
9
5
3
3
4
10
2
1
7
7
8
2
9
3
9
6
10
10
6
8
7
4
7
3
7
2
3
9
1
9
2
2
2
1
6
3
4
9
4
2
7
7
6
3
2
5
3
8
1
5
5
2
2
3
3
3
3
10
9
8
6
10
2
6
4
1
5
9
6
6
7
8
1
10
3
8
10
4
1
2
9
10
6
9
5
8
7
3
8
7
9
7
1
5
2
10
10
10
10
4
3
6
5
2
10
9
10
10
6
2
7
3
6
9
10
9
9
10
2
8
5
6
6
9
1
6
6
5
2
8
6
9
7
9
9
5
9
6
10
10
3
3
2
1
4
5
1
7
6
3
9
8
8
9
3
6
7
5
6
4
1
9
5
7
1
9
3
10
9
4
6
2
2
9
10
9
8
9
10
4
9
8
2
7
8
10
2
1
3
5
5
10
1
5
8
2
6
8
8
1
2
5
1
8
6
1
2
1
8
5
1
4
10
9
2
7
8
9
