748
98
396
86
42
29
22
21
61
22
12
72
71
28
16
14
4
74
64
40
38
64
46
65
82
99
65
53
1
13
29
68
64
37
52
47
7
86
88
9
36
80
91
75
42
75
94
23
48
33
22
63
80
6
21
39
61
55
15
56
35
86
93
32
5
15
14
71
10
57
39
70
19
40
90
42
48
43
35
68
9
63
92
76
79
100
63
37
94
76
93
99
73
68
53
33
59
79
45
10
91
20
39
6
100
29
26
24
29
9
5
52
79
92
89
30
76
25
38
62
71
90
15
35
57
38
74
75
17
55
62
18
89
52
55
20
70
76
13
77
26
52
69
77
48
48
29
80
12
59
11
18
82
27
97
18
28
74
23
60
69
73
80
48
47
32
51
17
20
9
68
52
80
51
93
48
6
60
29
79
27
80
48
6
18
13
54
99
26
54
64
91
7
61
15
54
5
39
95
98
40
55
6
3
32
82
43
66
46
55
2
79
62
67
14
31
70
77
2
33
91
56
64
73
21
46
81
87
3
49
51
68
21
44
43
84
21
25
84
36
56
62
66
34
58
96
76
96
28
48
56
73
64
59
88
7
1
57
96
2
82
42
85
28
54
3
94
46
89
57
82
61
29
9
35
98
55
47
98
3
83
53
33
71
87
40
1
97
38
22
74
52
82
96
62
83
28
61
75
44
76
56
3
43
53
23
26
22
93
97
47
56
26
20
47
82
98
78
70
47
23
68
31
89
44
88
49
35
36
45
1
30
22
1
11
85
21
34
54
60
14
26
88
58
46
78
14
57
40
50
60
59
46
25
83
67
9
96
10
88
67
84
88
57
70
70
73
92
22
69
34
66
59
10
86
12
36
54
51
50
53
35
36
36
98
20
46
38
18
100
12
44
13
5
53
79
58
41
55
65
48
56
82
92
67
27
8
21
85
77
72
15
77
11
64
81
70
81
34
57
10
77
20
7
63
37
9
49
28
92
22
9
88
23
15
91
79
57
18
89
83
75
93
3
53
56
10
98
51
37
64
76
27
4
99
80
8
8
74
20
20
1
39
25
34
99
46
18
36
77
84
18
23
77
30
70
21
48
40
90
34
15
51
48
10
61
16
66
39
47
62
45
75
46
72
18
76
12
93
24
79
66
69
12
94
9
99
66
23
66
19
60
8
44
11
27
98
25
36
68
47
80
90
77
33
5
88
90
4
89
70
63
48
100
40
73
86
1
14
47
99
87
12
10
64
52
60
64
33
75
25
90
22
37
73
70
36
58
50
45
10
60
94
88
83
60
62
5
91
80
93
65
89
90
86
45
93
67
13
15
55
88
48
33
55
46
26
76
24
80
26
85
84
51
80
52
27
21
2
12
100
75
49
72
34
52
5
67
85
16
85
31
4
43
70
3
37
34
65
48
37
52
81
15
17
91
43
9
18
64
24
95
2
13
100
22
75
52
36
79
31
29
93
67
23
18
58
1
57
29
6
40
16
50
80
36
99
9
99
11
98
66
94
58
88
23
60
69
52
68
45
85
21
34
52
74
50
91
77
30
7
61
64
5
1
53
89
52
21
32
65
12
7
4
78
5
50
33
46
65
6
78
96
88
47
58
77
6
26
40
93
95
78
57
56
95
34
40
73
67
73
89
54
64
87
58
42
38
77
72
72
64
78
60
55
90
98
29
85
17
93
43
71
97
59
44
96
65
55
87
99
