715
-1
1007
47
21
19
37
40
79
60
88
84
75
12
42
21
91
6
57
7
66
7
99
75
4
85
10
29
6
20
7
50
26
29
99
45
57
14
33
2
38
43
64
85
84
46
53
45
48
48
85
60
2
17
12
99
43
40
29
13
29
26
66
45
34
33
6
72
34
16
36
69
10
10
12
97
87
24
57
17
86
76
81
30
10
36
28
41
53
7
40
46
28
28
62
51
30
98
53
5
15
27
37
68
11
14
71
97
49
50
43
65
19
42
88
96
57
65
36
28
50
38
84
8
69
29
86
99
29
78
79
23
68
50
26
26
57
10
84
64
35
27
3
18
63
100
45
35
7
7
29
90
49
86
100
75
18
32
29
15
47
26
27
4
57
88
94
73
64
49
89
76
13
57
27
4
34
2
93
27
26
67
95
54
67
5
31
26
40
40
81
27
100
96
35
26
48
45
31
36
46
85
29
11
46
44
5
51
47
2
72
48
81
47
26
48
18
47
15
39
1
57
34
65
3
40
46
66
7
23
29
44
21
72
44
46
1
91
29
86
18
53
24
78
36
50
13
1
19
66
95
92
67
85
77
56
71
11
99
4
100
26
78
24
2
61
73
62
43
1
89
39
63
8
89
94
57
79
46
41
85
15
10
64
2
27
1
28
21
63
36
18
91
57
68
5
6
7
59
34
39
77
75
37
98
20
7
74
10
37
16
95
31
46
1
32
74
87
97
9
69
49
96
84
48
19
90
15
49
63
41
42
53
22
79
8
37
43
20
97
61
28
13
92
74
14
9
74
46
68
56
27
29
21
21
83
34
15
35
82
46
81
60
63
51
39
90
81
97
29
67
40
75
55
28
61
29
71
74
69
86
73
68
11
17
34
51
91
17
49
93
33
12
15
57
77
99
33
100
84
92
31
90
82
17
21
52
28
11
70
38
95
59
5
23
89
49
39
27
87
61
22
55
98
64
18
72
60
62
4
99
44
40
3
29
1
54
28
75
23
37
65
40
30
29
68
13
89
41
91
89
48
32
40
11
5
17
42
47
91
7
58
78
90
55
98
24
75
51
81
88
73
21
8
22
52
64
63
29
38
9
42
78
54
96
3
53
81
87
42
21
48
98
96
27
50
53
69
17
82
74
82
81
6
80
53
23
39
28
95
59
66
66
46
34
82
18
17
70
54
89
70
35
9
1
23
37
52
50
68
48
1
87
34
45
52
29
52
85
69
87
67
96
100
31
55
99
11
64
83
54
53
39
80
30
53
83
40
98
25
61
50
57
9
58
40
71
37
83
60
49
21
8
81
30
68
17
23
13
17
1
5
95
6
52
24
47
57
8
52
2
96
2
67
85
84
51
4
50
90
59
29
54
72
54
41
51
98
42
3
16
81
92
87
84
41
44
56
25
100
42
61
39
93
89
73
73
5
32
29
71
38
72
11
41
1
92
50
51
20
19
47
49
79
4
31
11
86
32
28
7
60
51
71
99
45
36
20
62
50
67
17
27
12
37
62
52
86
88
11
19
59
66
10
53
90
3
40
67
69
29
94
32
14
1
84
73
79
61
62
91
96
21
73
6
37
71
32
26
4
8
28
47
46
97
44
69
91
54
17
42
19
53
7
41
42
56
4
