782
48
832
85
34
47
49
75
87
13
92
85
3
18
87
96
72
38
5
59
75
81
68
99
66
67
33
30
73
61
18
37
81
36
17
31
25
85
12
44
60
5
23
58
29
9
13
1
100
88
53
30
66
47
35
55
83
20
84
36
50
76
70
80
79
44
26
60
80
40
60
46
62
50
32
18
3
16
30
4
68
6
34
93
58
10
45
27
90
77
98
40
41
30
58
63
78
67
51
32
25
26
25
25
67
99
41
66
47
86
18
19
85
23
14
79
48
93
9
80
34
19
79
21
20
44
24
60
14
87
88
23
29
12
61
90
12
84
20
85
68
60
21
53
29
67
84
86
86
60
2
64
77
10
85
81
92
93
12
63
79
97
41
50
70
39
21
40
99
29
21
46
96
38
48
24
89
12
96
41
62
57
5
60
5
72
35
6
6
51
52
77
59
17
78
60
23
24
92
60
99
79
37
66
1
44
29
2
38
65
11
72
50
46
7
96
79
78
17
53
21
30
47
62
62
59
81
25
20
55
19
54
28
12
61
100
46
41
96
58
56
71
51
78
72
18
7
79
90
74
82
85
100
29
98
99
5
72
9
92
48
2
27
57
54
96
70
64
27
14
95
55
89
86
36
18
7
91
66
20
49
11
57
100
33
31
65
33
80
27
77
49
46
86
28
51
32
66
94
80
60
62
17
86
33
16
94
54
21
55
53
85
93
32
24
81
72
49
3
75
57
21
3
18
98
32
11
78
2
36
9
75
81
32
15
40
79
84
23
87
73
10
1
7
51
57
14
33
90
87
75
41
32
89
49
17
37
41
38
77
6
54
75
60
34
12
28
60
52
49
72
55
65
84
47
98
53
23
6
65
42
64
51
53
79
63
29
32
14
94
29
11
77
92
33
2
4
15
64
32
4
16
13
12
46
57
48
97
80
61
59
15
6
80
99
81
39
55
3
92
21
13
69
86
64
26
54
50
84
16
14
56
19
55
46
15
39
98
52
33
62
16
62
3
5
86
42
21
13
94
19
61
27
69
90
60
46
69
12
47
89
12
71
44
73
31
33
27
30
58
19
7
30
13
82
66
32
40
41
19
19
2
72
75
37
4
18
54
10
93
59
27
95
96
34
26
58
79
30
69
37
35
83
81
76
55
90
2
45
50
64
42
85
58
44
8
54
88
48
31
99
87
61
77
1
56
49
21
53
65
98
82
70
36
73
5
17
23
13
15
1
39
70
32
54
43
44
80
14
46
70
55
55
12
89
88
26
15
66
61
70
23
20
86
29
84
66
73
7
54
16
97
61
59
18
40
62
58
69
60
50
30
9
52
34
26
70
85
21
75
49
42
89
52
35
48
46
32
75
69
1
22
31
21
45
58
35
57
86
11
53
100
23
30
71
16
73
24
32
61
32
49
53
55
16
94
69
94
75
72
31
63
30
5
25
18
25
62
98
52
74
89
64
53
23
36
93
39
84
77
42
57
51
60
8
52
37
73
85
95
86
97
38
19
4
11
81
60
84
61
96
17
97
60
33
27
69
12
72
25
33
16
94
18
89
57
32
36
16
43
77
66
11
68
19
58
44
17
17
34
80
90
78
86
88
92
63
59
46
97
15
25
78
8
96
74
31
5
5
64
62
77
19
92
74
52
11
18
51
29
85
24
28
61
33
46
78
91
74
67
85
27
6
61
69
97
53
69
63
94
51
93
63
3
71
53
75
95
8
49
95
74
31
46
54
22
64
50
71
62
14
58
92
51
6
90
35
60
90
74
8
52
60
99
40
