875
-1
764
25
94
71
59
35
5
45
40
6
72
23
93
13
83
26
11
6
91
68
7
75
31
33
86
42
43
77
35
74
37
55
49
18
72
69
72
72
65
51
71
69
23
58
28
91
4
2
62
11
94
1
76
56
21
57
24
95
84
54
6
55
10
87
94
55
42
14
70
79
40
32
1
57
21
78
33
82
8
54
11
49
23
83
26
21
86
83
82
14
54
67
93
13
75
72
7
15
71
9
44
84
49
42
71
50
30
85
99
15
11
35
98
99
43
17
47
97
42
64
100
75
20
20
87
78
45
62
28
74
23
57
84
14
5
32
23
25
18
84
17
19
29
98
64
38
20
4
29
14
2
53
20
58
46
15
77
78
38
11
98
12
66
60
81
99
24
58
96
60
49
77
77
21
76
96
48
44
19
50
64
98
84
3
81
41
99
57
54
40
69
72
57
7
63
23
26
65
23
70
31
34
90
67
70
50
68
83
93
97
7
55
42
78
4
67
25
1
43
47
10
92
52
98
47
36
82
48
9
41
16
24
68
25
5
58
86
33
22
12
38
73
48
25
53
82
75
98
92
17
46
89
35
63
5
42
7
78
87
38
22
55
20
72
50
11
61
53
17
99
53
35
23
50
8
62
89
39
15
50
22
67
71
87
19
81
43
58
79
11
44
97
53
36
50
66
15
69
23
54
52
75
76
5
91
8
54
68
39
76
39
76
57
29
86
43
53
73
80
97
2
13
19
27
95
11
21
61
5
79
56
66
83
91
7
77
81
24
50
48
95
21
62
28
37
81
55
60
27
69
34
14
19
63
78
32
38
9
50
9
60
18
27
90
99
74
62
3
33
76
62
4
47
3
100
60
2
1
44
42
33
96
19
62
68
37
86
15
72
58
51
63
21
64
1
30
92
52
56
36
90
43
56
40
86
50
69
25
94
68
19
92
61
82
51
93
91
15
8
79
88
85
41
77
28
96
43
90
52
53
5
29
90
2
98
58
2
90
84
75
52
59
45
12
2
56
46
62
29
75
10
27
77
19
35
3
23
91
20
72
70
6
25
35
75
32
53
62
87
51
61
65
18
53
89
7
45
45
19
20
22
94
59
62
29
89
49
95
45
28
97
80
37
39
30
9
86
10
86
54
29
61
15
48
32
28
15
78
82
78
86
21
10
52
19
88
35
21
99
6
36
85
38
16
43
79
38
1
63
16
64
39
21
48
63
76
35
61
89
30
4
83
63
18
35
25
56
7
86
45
99
89
35
40
11
84
78
55
62
67
46
26
52
18
53
41
20
2
67
32
77
65
1
88
64
65
37
92
36
23
72
89
66
97
85
71
81
87
34
96
20
58
77
19
16
96
16
67
1
80
69
18
45
87
63
20
7
15
57
31
24
38
84
80
15
83
24
57
13
28
100
28
27
29
95
74
20
75
99
55
22
63
81
97
57
98
82
9
6
19
34
21
87
57
12
46
62
1
95
74
73
10
69
80
98
31
42
68
32
59
95
32
99
4
45
48
81
1
47
82
78
33
11
39
89
81
47
17
22
3
37
2
27
36
29
81
48
19
58
80
16
49
92
28
47
56
100
48
81
1
50
68
37
9
27
64
96
14
80
19
12
43
91
19
39
9
72
59
95
45
84
87
38
51
83
69
82
72
88
75
23
99
81
94
99
99
23
73
75
60
1
82
47
74
98
2
77
34
89
40
52
63
61
68
64
66
57
85
20
5
49
9
72
100
31
89
80
57
40
45
90
21
1
33
41
48
98
30
5
11
70
55
36
26
28
1
59
99
6
3
76
9
24
26
95
6
91
80
96
37
18
58
7
100
71
100
12
20
33
82
89
46
5
31
63
86
28
64
90
51
19
51
65
36
53
6
57
20
50
97
63
91
99
90
92
1
100
11
75
41
41
34
95
40
86
95
47
97
99
35
21
27
88
58
4
40
77
25
23
46
100
67
95
73
21
20
10
27
81
95
44
66
66
65
88
98
