818
171
358
89
59
53
85
95
66
70
84
68
96
87
77
65
88
75
84
92
75
77
55
64
60
71
80
79
61
100
62
92
60
55
52
65
73
81
97
75
76
87
99
78
50
70
89
98
84
59
63
62
88
61
77
70
76
77
59
53
54
74
81
59
79
78
95
51
69
73
78
59
86
63
97
51
77
99
76
68
77
65
87
62
76
86
92
62
96
80
56
86
86
95
73
74
73
87
92
88
81
81
74
62
55
76
98
78
59
74
83
92
75
71
75
81
70
52
94
54
78
58
93
64
89
63
82
98
51
58
63
61
91
56
81
97
91
51
73
95
79
100
55
81
85
52
99
57
54
62
78
60
81
89
87
80
96
83
53
95
70
69
81
62
83
50
93
77
50
67
92
94
69
76
88
52
64
87
77
80
61
66
91
94
62
96
60
70
90
53
84
80
88
96
63
79
88
65
54
68
93
99
75
61
63
53
77
68
72
100
81
89
73
67
77
70
80
58
84
75
54
77
67
67
62
64
82
51
90
52
63
83
75
72
94
88
93
86
66
93
65
68
81
72
74
65
82
52
91
50
76
84
70
54
100
70
50
52
56
68
72
63
64
86
54
65
66
61
92
72
52
91
51
69
97
69
95
63
51
54
53
51
59
84
73
89
76
53
62
85
56
67
66
99
50
92
90
54
64
73
93
66
81
75
90
78
100
69
70
62
80
92
76
86
52
65
93
81
92
81
53
90
54
90
55
61
70
63
89
66
57
60
78
69
97
61
87
73
59
60
82
64
63
77
66
80
76
68
64
82
93
66
83
93
68
74
73
52
66
65
58
76
67
62
81
82
94
62
50
79
97
84
63
70
97
74
81
62
51
80
70
94
74
74
58
71
70
58
51
74
85
62
57
61
62
68
85
55
69
93
90
74
81
77
97
82
75
99
78
58
98
90
92
68
80
68
88
51
80
82
73
76
72
67
94
100
64
68
71
93
68
66
60
83
83
79
65
50
94
63
66
95
85
88
63
56
57
62
78
59
67
85
72
62
72
96
74
65
93
100
73
95
85
98
72
84
73
79
51
79
100
83
53
98
85
63
67
59
50
71
88
72
52
55
79
82
81
60
56
87
69
52
74
63
65
100
82
53
71
67
89
67
86
71
97
94
66
53
86
80
54
58
74
67
56
82
79
89
94
75
100
90
62
65
57
100
55
88
98
67
99
81
60
67
99
93
54
60
51
99
53
70
66
89
96
69
100
55
53
83
55
55
61
51
93
78
54
54
99
75
77
51
75
60
97
81
83
60
84
73
58
88
51
79
79
75
60
55
51
63
87
66
62
64
99
98
82
79
99
81
93
77
78
84
70
94
83
59
86
89
93
59
59
60
62
60
89
82
75
52
84
96
59
91
58
66
69
55
100
57
72
80
81
55
58
91
55
71
51
54
100
93
90
95
73
54
70
65
92
74
98
88
65
90
55
57
90
75
81
50
65
52
59
52
59
76
76
99
51
81
84
68
72
85
82
56
71
60
57
95
83
64
87
87
66
87
58
68
52
55
93
60
100
52
92
51
74
52
89
83
77
63
64
51
98
81
78
71
73
66
56
50
56
68
50
77
58
76
100
75
90
70
62
61
74
98
53
78
69
100
54
72
52
55
75
56
72
94
84
65
100
60
100
84
59
99
96
84
61
94
63
79
99
85
96
81
57
77
76
82
90
80
81
92
100
98
100
85
90
88
59
66
70
84
71
98
86
70
80
85
96
82
81
81
74
62
52
94
71
79
92
67
83
58
75
68
89
78
69
87
97
78
61
99
56
74
53
92
81
96
61
56
81
78
87
83
61
67
89
77
85
93
85
84
93
99
97
79
88
87
68
