894
37
1816
67
86
82
99
54
52
54
71
70
61
74
91
97
92
63
84
90
53
66
79
57
53
72
58
94
86
64
74
82
78
77
78
58
51
64
61
87
92
80
62
97
88
78
78
86
75
62
96
82
50
61
86
67
92
57
51
70
93
83
99
64
62
78
64
81
85
56
56
87
91
92
58
68
93
58
98
87
85
94
71
93
50
60
90
95
87
85
79
54
89
98
98
85
97
94
69
62
56
98
65
55
93
52
69
60
97
55
85
52
66
72
69
50
73
54
74
93
84
69
99
74
94
98
55
95
74
88
100
79
85
78
71
96
96
76
50
100
70
55
70
82
64
61
97
82
89
81
73
63
78
74
69
53
78
71
52
96
92
75
63
56
93
86
58
58
93
78
62
64
83
100
88
79
75
76
62
62
68
80
68
56
65
64
99
71
62
58
74
89
95
70
69
72
99
60
57
95
81
72
60
79
55
76
70
94
95
79
73
69
81
89
92
74
90
53
94
52
66
97
50
75
79
86
74
51
74
90
51
57
53
72
54
71
59
75
50
78
66
85
87
79
99
100
78
69
98
54
62
75
61
77
67
58
88
86
86
73
88
64
75
97
58
91
50
68
63
84
61
84
87
58
61
68
90
99
59
92
84
83
63
65
67
88
54
88
68
86
63
61
62
73
59
65
89
95
57
95
88
93
85
63
50
63
55
62
76
76
67
94
95
52
53
99
53
67
98
66
65
100
63
95
66
54
88
63
90
96
83
79
54
91
54
66
54
63
76
90
78
70
87
76
74
77
92
51
92
55
77
95
74
90
94
98
70
98
94
95
58
59
85
97
82
66
52
96
92
73
81
77
64
71
99
93
68
70
84
52
51
91
77
75
90
71
62
99
95
92
58
58
90
99
71
74
91
58
62
52
59
55
78
99
56
68
88
93
72
97
90
77
53
62
81
59
57
58
78
74
60
75
66
57
78
79
99
89
52
57
67
89
51
76
75
83
75
100
85
78
81
71
67
51
67
59
70
98
73
65
97
99
87
89
99
93
68
63
76
67
87
50
99
55
64
98
81
56
90
53
74
51
90
56
72
52
64
72
77
94
82
55
78
51
95
69
90
67
57
65
61
85
63
78
91
54
93
85
51
95
71
71
88
63
95
67
64
56
63
88
87
97
79
94
78
57
54
57
71
80
90
50
62
69
53
79
75
88
82
51
96
74
90
91
58
66
91
67
100
90
86
96
80
59
59
93
56
93
86
93
77
85
60
81
86
97
77
93
86
56
78
62
72
73
65
50
69
61
73
70
88
80
52
86
91
84
68
68
69
86
60
62
89
83
65
73
90
94
53
57
54
61
75
81
87
66
68
90
53
100
87
92
86
53
83
98
51
71
52
83
76
62
98
56
91
74
100
90
84
87
55
62
65
55
69
71
100
82
69
99
93
83
78
94
51
86
98
68
95
72
55
52
83
98
67
64
64
62
59
95
73
52
50
97
100
90
55
98
66
95
88
65
71
63
92
93
93
53
66
89
53
90
73
89
99
70
91
75
93
98
88
51
67
68
60
100
91
65
79
73
96
83
96
79
71
92
72
50
67
85
60
97
60
74
51
58
82
55
88
77
59
83
82
76
74
58
55
59
72
85
85
63
96
72
62
79
75
70
66
82
83
55
100
82
99
78
86
73
88
80
79
59
97
68
87
82
50
52
56
67
75
99
70
82
73
89
57
53
66
50
68
51
98
91
53
83
50
51
70
99
77
70
84
61
88
55
98
82
55
74
82
59
85
58
78
93
88
60
52
93
77
83
73
73
69
69
94
90
100
99
50
98
56
53
73
72
64
97
58
91
96
52
53
77
82
66
55
59
96
62
67
85
91
70
78
61
54
66
90
91
78
68
72
85
83
56
68
81
60
93
67
73
79
62
92
59
100
74
96
96
55
72
72
70
90
64
76
79
63
58
62
75
69
63
81
75
65
54
88
76
57
97
67
92
63
81
67
94
72
82
97
67
75
65
87
86
56
65
64
90
51
72
82
82
55
86
72
