978
-1
998
38
48
57
60
56
74
41
95
77
95
54
85
66
18
83
3
84
86
96
69
51
100
77
51
96
53
70
99
58
53
87
12
64
62
64
59
64
51
55
7
64
47
5
20
100
75
41
87
72
74
68
27
72
18
25
68
56
14
68
85
83
88
2
78
98
59
99
88
59
9
87
4
62
89
86
82
74
50
5
72
86
20
98
77
71
29
55
13
57
29
24
82
45
55
42
85
69
90
93
78
78
56
39
56
77
53
43
65
10
67
23
96
52
36
10
18
74
73
95
88
47
11
73
57
100
51
34
50
34
87
13
39
71
5
42
79
65
56
15
76
72
56
4
8
28
70
56
73
65
8
41
12
80
36
4
77
69
69
91
79
89
70
79
89
52
83
72
9
95
53
80
68
57
70
94
33
51
3
47
40
21
67
62
49
96
53
41
88
54
4
91
14
8
94
92
100
95
37
52
81
56
66
99
18
12
74
47
22
61
66
91
77
75
63
96
13
63
99
20
79
40
53
14
71
56
43
100
76
73
97
31
69
93
82
80
89
46
7
68
99
18
98
63
59
7
88
84
52
49
65
54
87
16
8
29
85
42
67
71
94
59
64
97
63
86
2
52
69
93
97
80
73
62
11
61
26
51
75
20
87
58
30
68
70
31
79
70
58
67
93
91
82
87
68
41
75
86
21
94
65
96
69
5
98
23
68
71
74
26
83
55
34
43
84
79
61
81
55
62
24
36
73
35
29
10
70
70
29
76
95
92
56
75
38
67
78
97
69
27
75
64
80
53
51
91
52
48
64
100
67
11
30
27
57
75
17
44
50
32
96
58
98
46
52
58
46
100
57
100
47
63
66
37
67
49
68
86
67
17
91
78
63
76
79
32
87
77
72
5
94
13
68
12
24
52
10
93
60
9
74
92
22
59
44
21
92
38
60
64
85
82
70
95
27
60
30
53
80
49
53
76
83
56
31
80
80
62
64
89
85
100
74
65
5
93
90
33
40
85
29
18
66
63
25
64
17
58
80
52
63
29
18
70
75
39
88
71
20
56
11
95
77
90
87
28
52
79
62
53
59
71
34
98
7
62
88
97
53
94
76
75
51
89
89
97
80
57
16
96
33
63
10
73
97
64
66
27
93
63
10
8
52
56
22
97
14
48
45
91
86
63
70
70
67
37
60
16
94
32
62
19
8
52
24
68
76
57
35
94
62
60
70
25
64
72
95
75
11
61
62
89
55
66
95
24
89
79
75
79
15
67
60
50
11
46
80
95
32
96
66
47
76
63
36
85
48
18
35
78
90
88
67
82
52
55
55
3
26
66
92
95
79
57
31
88
24
55
7
52
96
79
71
68
45
76
55
100
69
85
54
88
65
32
5
78
90
92
48
35
34
37
28
11
21
100
98
39
56
75
53
58
56
25
13
84
66
95
98
64
51
79
52
87
99
6
17
54
57
62
10
44
26
96
61
40
96
5
50
83
100
83
36
10
32
59
73
17
52
55
85
27
82
96
21
69
77
93
20
49
2
72
100
76
75
26
87
64
55
99
61
59
25
44
76
31
57
96
81
31
81
61
90
49
87
59
94
14
44
22
56
12
98
47
30
87
72
89
82
88
41
94
98
99
73
13
51
40
77
37
91
80
98
55
65
62
82
45
49
18
60
36
24
29
41
53
88
19
41
82
8
80
84
92
6
53
39
36
30
57
21
96
53
74
81
86
60
76
59
77
85
24
86
20
74
66
6
22
35
3
56
69
32
63
39
31
4
72
51
77
73
80
68
9
66
82
56
39
63
11
87
60
31
29
65
39
70
74
57
51
28
69
87
70
54
91
52
73
8
32
3
52
88
76
27
51
4
69
95
26
53
96
81
63
78
38
93
44
96
92
30
71
34
46
30
93
49
84
20
93
79
21
13
12
52
71
86
54
86
72
26
91
3
82
83
65
72
18
79
24
97
70
84
71
60
73
25
5
32
34
23
33
38
65
77
81
76
3
93
52
74
57
45
72
82
80
21
12
59
40
48
60
45
85
86
94
98
2
70
52
9
94
51
41
62
65
66
59
65
5
32
69
91
1
20
54
66
37
82
60
51
53
5
40
65
83
71
35
88
82
84
46
27
87
6
58
60
74
84
99
94
71
71
87
57
82
57
58
56
34
71
92
15
78
94
15
68
78
6
72
91
14
66
70
57
70
11
80
97
61
67
74
88
87
96
50
24
91
84
