935
151
138
88
98
94
89
83
65
85
66
89
80
58
54
75
60
77
69
79
99
86
63
84
92
87
54
93
58
62
98
50
71
55
61
76
76
88
51
78
71
90
90
87
80
74
83
79
77
58
53
99
62
95
61
84
86
91
79
93
76
88
68
80
59
82
53
67
90
51
99
72
70
85
80
80
81
100
60
74
52
70
70
53
92
55
73
63
55
68
100
69
77
55
68
81
89
70
59
76
51
99
92
78
75
84
98
81
96
99
100
71
50
76
80
55
51
79
62
86
62
79
81
84
72
77
61
64
70
84
90
63
74
92
93
58
99
98
57
50
87
85
62
83
82
89
97
68
52
81
91
64
68
87
85
100
74
66
59
95
67
86
58
92
69
92
64
75
52
91
70
52
66
68
61
72
60
70
83
53
57
70
71
61
86
54
73
79
97
86
75
84
92
87
78
74
50
62
69
92
50
73
100
99
98
63
59
50
97
82
50
74
80
62
66
88
79
94
58
83
51
97
71
94
57
50
60
73
6
4
4
4
1
2
2
1
9
7
4
7
2
8
3
9
7
4
8
2
2
4
1
6
1
3
2
8
5
8
4
1
4
3
6
5
6
3
2
6
3
8
1
6
10
1
7
5
6
1
10
7
8
8
5
5
2
10
1
6
2
4
3
5
7
5
2
3
6
9
2
7
5
8
5
1
8
7
4
5
5
5
3
6
7
4
5
6
8
2
3
6
4
9
2
9
7
10
5
10
6
3
6
7
7
1
8
4
8
9
8
2
8
10
9
1
10
4
5
3
10
3
2
9
5
7
4
7
6
2
6
1
6
8
5
8
2
8
4
7
2
1
1
9
7
7
10
4
1
2
7
7
1
5
8
10
5
10
1
1
7
3
10
5
10
6
3
3
2
3
5
3
2
3
5
8
4
10
9
9
1
8
4
1
3
1
6
10
9
10
5
3
3
6
7
8
1
9
1
5
10
7
3
5
2
9
3
1
2
10
8
7
4
7
7
8
10
2
8
2
9
10
10
6
7
3
2
10
10
1
3
6
8
4
1
4
4
2
7
2
3
1
10
1
2
10
10
1
3
2
5
7
6
3
7
2
9
6
5
4
10
3
10
8
9
5
1
5
10
3
1
1
1
5
8
4
8
10
4
1
5
3
1
10
4
1
9
4
4
8
10
4
4
9
5
4
5
4
6
8
3
6
5
3
6
4
3
8
3
9
4
1
8
7
8
2
5
7
9
4
4
2
9
10
4
10
1
6
9
2
8
6
6
2
3
10
3
1
9
5
1
10
10
3
6
7
8
5
2
2
9
5
10
10
5
7
2
9
1
7
3
2
10
3
10
5
8
4
3
8
8
9
4
6
6
1
9
6
5
3
6
10
1
9
7
5
10
6
2
9
6
10
10
7
4
10
8
6
1
7
9
8
2
1
4
8
3
7
2
5
10
7
2
3
9
10
5
8
6
9
6
2
9
6
2
9
3
10
3
9
6
2
3
4
4
4
4
10
5
3
7
8
6
1
10
3
4
8
8
4
7
10
6
10
3
10
2
1
9
5
8
5
5
2
8
7
7
1
7
3
4
1
5
7
5
7
4
4
9
7
8
3
4
1
4
7
10
1
2
6
5
9
4
8
10
8
6
10
2
4
4
1
3
5
10
5
1
6
6
7
7
10
8
9
1
5
4
5
3
5
5
4
4
3
5
9
4
5
10
7
3
6
9
6
3
6
4
3
5
3
8
5
10
8
10
4
9
3
7
5
4
2
3
10
7
10
2
2
9
3
3
8
2
9
4
1
8
7
9
5
10
8
4
10
1
4
6
10
1
8
6
1
6
6
9
6
7
2
9
8
8
6
6
8
1
5
1
7
10
1
9
3
9
5
5
5
1
2
10
1
10
4
5
6
1
8
5
4
7
2
8
1
3
6
3
8
3
8
3
7
2
1
5
9
3
7
4
3
5
2
3
8
9
1
4
1
2
2
4
7
9
3
1
2
7
5
6
10
10
9
3
5
5
8
10
6
7
5
4
6
3
9
8
4
8
4
7
9
1
10
8
6
7
7
10
5
3
7
7
8
5
1
3
2
3
5
6
7
1
3
6
7
9
3
8
2
2
4
6
2
